sec,nsec,x,y,yaw,map_x,map_y,map_yaw,map_pose_valid,v_real,w_real,v_now,w_now,v_cmd,w_cmd,v_nav,w_nav,velocity_violation,curvature,dw_v_max,dw_v_min,dw_w_max,dw_w_min,v_reg
1772476882,505006211,0.178103,-0.845569,2.914768,-1.375756,-0.444234,-1.322549,1,0.000000,-0.001214,0.000000,-0.061397,0.000000,-0.041397,0.000000,-0.041397,0,13.679528,0.007333,0.000000,-0.041397,-0.081397,0.220000
1772476882,530078655,0.179989,-0.845520,2.914621,-1.376662,-0.442580,-1.322697,1,0.000000,-0.045763,0.000000,-0.041397,0.000000,-0.021397,0.000000,-0.021397,0,13.516864,0.007333,0.000000,-0.021397,-0.061397,0.220000
1772476882,555108848,0.179961,-0.846070,2.914066,-1.376160,-0.442353,-1.323251,1,0.000000,-0.031001,0.000000,-0.021397,0.000000,-0.001397,0.000000,-0.001397,0,13.486441,0.007333,0.000000,-0.001397,-0.041397,0.220000
1772476882,605347550,0.180247,-0.846595,2.912184,-1.375825,-0.441858,-1.325134,1,0.000000,-0.009628,0.000000,-0.001397,0.001384,0.018603,0.001384,0.018603,0,13.445506,0.007333,0.000000,0.018603,-0.021397,0.220000
1772476882,630335050,0.178567,-0.846256,2.911958,-1.375357,-0.443507,-1.325360,1,0.001232,0.021620,0.001384,0.018603,0.002834,0.038603,0.002834,0.038603,0,13.623458,0.008717,0.000000,0.038603,-0.001397,0.220000
1772476882,655326246,0.180239,-0.846509,2.911842,-1.375897,-0.441906,-1.325476,1,0.003208,0.037549,0.002834,0.038603,0.004355,0.058603,0.004355,0.058603,0,13.456755,0.010167,0.000000,0.058603,0.018603,0.220000
1772476882,705422320,0.180655,-0.847154,2.913637,-1.375515,-0.441240,-1.323681,1,0.004353,0.056596,0.004355,0.058603,0.005888,0.078603,0.005888,0.078603,0,13.349694,0.011688,0.000000,0.078603,0.038603,0.220000
1772476882,730507137,0.179156,-0.846651,2.914795,-1.375276,-0.442803,-1.322522,1,0.005731,0.074953,0.005888,0.078603,0.007300,0.098603,0.007300,0.098603,0,13.508188,0.013221,0.000000,0.098603,0.058603,0.220000
1772476882,755518223,0.180039,-0.846783,2.915783,-1.375562,-0.441958,-1.321535,1,0.007371,0.092378,0.007300,0.098603,0.008847,0.118603,0.008847,0.118603,0,13.406628,0.014633,0.000000,0.118603,0.078603,0.220000
1772476882,805685361,0.180013,-0.846811,2.918996,-1.375526,-0.441968,-1.318321,1,0.009339,0.120498,0.008847,0.118603,0.010369,0.138603,0.010369,0.138603,0,13.367463,0.016180,0.001513,0.138603,0.098603,0.220000
1772476882,830729891,0.180970,-0.846045,2.921909,-1.376645,-0.441467,-1.315409,1,0.010231,0.141518,0.010369,0.138603,0.011925,0.158603,0.011925,0.158603,0,13.299936,0.017702,0.003035,0.158603,0.118603,0.220000
1772476882,855725990,0.179219,-0.846163,2.925719,-1.375739,-0.442970,-1.311599,1,0.010797,0.131376,0.011925,0.158603,0.013324,0.178603,0.013324,0.178603,0,13.404261,0.019258,0.004592,0.178603,0.138603,0.220000
1772476882,905962885,0.179130,-0.847262,2.932457,-1.374720,-0.442547,-1.304860,1,0.013918,0.173772,0.013324,0.178603,0.014991,0.198603,0.014991,0.198603,0,13.248566,0.020658,0.005991,0.198603,0.158603,0.220000
1772476882,930972386,0.179191,-0.847390,2.936085,-1.374635,-0.442434,-1.301233,1,0.015045,0.192813,0.014991,0.198603,0.016576,0.218603,0.016576,0.218603,0,13.188159,0.022324,0.007657,0.218603,0.178603,0.220000
1772476882,956149724,0.178305,-0.846285,2.941551,-1.375212,-0.443728,-1.295767,1,0.016504,0.218746,0.016576,0.218603,0.017963,0.238603,0.017963,0.238603,0,13.283206,0.023909,0.009242,0.238603,0.198603,0.220000
1772476883,6213513,0.179009,-0.846665,2.952284,-1.375196,-0.442928,-1.285034,1,0.017978,0.259769,0.017963,0.238603,0.019808,0.258603,0.019808,0.258603,0,13.055340,0.025296,0.010629,0.258603,0.218603,0.220000
1772476883,31261387,0.177061,-0.846421,2.958448,-1.374522,-0.444771,-1.278870,1,0.020146,0.265035,0.019808,0.258603,0.021141,0.278603,0.021141,0.278603,0,13.178527,0.027142,0.012475,0.278603,0.238603,0.220000
1772476883,56451412,0.177430,-0.845826,2.964297,-1.375220,-0.444716,-1.273021,1,0.020705,0.265877,0.021141,0.278603,0.022771,0.298603,0.022771,0.298603,0,13.113323,0.028474,0.013807,0.298603,0.258603,0.220000
1772476883,81456088,0.177042,-0.846943,2.970608,-1.374049,-0.444550,-1.266710,1,0.022790,0.286211,0.022771,0.298603,0.024529,0.318603,0.024529,0.318603,0,12.988802,0.030104,0.015438,0.318603,0.278603,0.220000
1772476883,131640524,0.176623,-0.845691,2.984368,-1.374971,-0.445495,-1.252949,1,0.025243,0.323524,0.024529,0.318603,0.026156,0.338603,0.026156,0.338603,0,12.945579,0.031862,0.017196,0.338603,0.298603,0.220000
1772476883,156620779,0.175817,-0.846344,2.992087,-1.374021,-0.445913,-1.245231,1,0.024270,0.318263,0.026156,0.338603,0.027850,0.358603,0.027850,0.358603,0,12.876152,0.033489,0.018823,0.358603,0.318603,0.220000
1772476883,206798737,0.174557,-0.843992,3.008726,-1.375537,-0.448109,-1.228592,1,0.027477,0.345888,0.027850,0.358603,0.029221,0.378603,0.029221,0.378603,0,12.956472,0.035184,0.020517,0.378603,0.338603,0.220000
1772476883,231904919,0.174583,-0.844999,3.016973,-1.374653,-0.447625,-1.220344,1,0.028777,0.378397,0.029221,0.378603,0.031204,0.398603,0.031204,0.398603,0,12.774018,0.036554,0.021888,0.398603,0.358603,0.220000
1772476883,257033177,0.174414,-0.845838,3.025384,-1.373829,-0.447392,-1.211933,1,0.031692,0.388414,0.031204,0.398603,0.033174,0.418603,0.033174,0.418603,0,12.618492,0.038538,0.023871,0.418603,0.378603,0.220000
1772476883,307276426,0.172320,-0.845024,3.045426,-1.373595,-0.449627,-1.191891,1,0.033633,0.413301,0.033174,0.418603,0.034751,0.438603,0.034751,0.438603,0,12.621480,0.040507,0.025840,0.438603,0.398603,0.220000
1772476883,332311604,0.170860,-0.845032,3.055492,-1.372921,-0.450921,-1.181825,1,0.034137,0.443427,0.034751,0.438603,0.036307,0.458603,0.036307,0.458603,0,12.631114,0.042084,0.027417,0.458603,0.418603,0.220000
1772476883,357270621,0.171707,-0.845711,3.065948,-1.372705,-0.449857,-1.171370,1,0.036427,0.461685,0.036307,0.458603,0.038726,0.478603,0.038726,0.478603,0,12.358819,0.043641,0.028974,0.478603,0.438603,0.220000
1772476883,407556860,0.168690,-0.843897,3.088189,-1.372938,-0.453370,-1.149128,1,0.039387,0.491553,0.038726,0.478603,0.039898,0.498603,0.039898,0.498603,0,12.497009,0.046059,0.031392,0.498603,0.458603,0.220000
1772476883,432601449,0.167894,-0.844485,3.099403,-1.372050,-0.453809,-1.137914,1,0.039672,0.490768,0.039898,0.498603,0.041883,0.518603,0.041883,0.518603,0,12.382170,0.047231,0.032564,0.518603,0.478603,0.220000
1772476883,457649281,0.166823,-0.843965,3.111670,-1.372023,-0.454999,-1.125648,1,0.040274,0.507594,0.041883,0.518603,0.043566,0.538603,0.043566,0.538603,0,12.363013,0.049216,0.034550,0.538603,0.498603,0.220000
1772476883,507772136,0.165136,-0.843875,3.137169,-1.371331,-0.456541,-1.100148,1,0.043920,0.526044,0.043566,0.538603,0.045809,0.558603,0.045809,0.558603,0,12.194192,0.050899,0.036232,0.558603,0.518603,0.220000
1772476883,532945762,0.162969,-0.844413,-3.133092,-1.369862,-0.458221,-1.087225,1,0.046464,0.559560,0.045809,0.558603,0.047445,0.578603,0.047445,0.578603,0,12.195257,0.053142,0.038476,0.578603,0.538603,0.220000
1772476883,558011465,0.162996,-0.844633,-3.119553,-1.369679,-0.458096,-1.073685,1,0.047863,0.578016,0.047445,0.578603,0.049916,0.598603,0.049916,0.598603,0,11.992255,0.054778,0.040112,0.598603,0.558603,0.220000
1772476883,608191036,0.160364,-0.844956,-3.091460,-1.368187,-0.460290,-1.045592,1,0.049837,0.583847,0.049916,0.598603,0.050631,0.600000,0.050631,0.600000,0,11.850513,0.057249,0.042582,0.600000,0.578603,0.220000
1772476883,633246711,0.159180,-0.844262,-3.076649,-1.368264,-0.461660,-1.030781,1,0.050899,0.605442,0.050631,0.600000,0.050763,0.600000,0.050763,0.600000,0,11.819675,0.057964,0.043297,0.600000,0.580000,0.220000
1772476883,658394478,0.157155,-0.845670,-3.061838,-1.366084,-0.462816,-1.015970,1,0.051434,0.607845,0.050763,0.600000,0.051217,0.600000,0.051217,0.600000,0,11.714935,0.058096,0.043429,0.600000,0.580000,0.220000
1772476883,708562793,0.155449,-0.845402,-3.031755,-1.365542,-0.464456,-0.985888,1,0.051597,0.608138,0.051217,0.600000,0.052216,0.600000,0.052216,0.600000,0,11.490636,0.058550,0.043883,0.600000,0.580000,0.220000
1772476883,733627537,0.153469,-0.846711,-3.017038,-1.363473,-0.465618,-0.971170,1,0.052241,0.606712,0.052216,0.600000,0.052688,0.600000,0.052688,0.600000,0,11.387833,0.059550,0.044883,0.600000,0.580000,0.220000
1772476883,758771074,0.152292,-0.847417,-3.002541,-1.362307,-0.466342,-0.956674,1,0.053079,0.597670,0.052688,0.600000,0.053323,0.600000,0.053323,0.600000,0,11.252113,0.060021,0.045354,0.600000,0.580000,0.220000
1772476883,808991840,0.149349,-0.849208,-2.973289,-1.359368,-0.468140,-0.927421,1,0.053456,0.597595,0.053323,0.600000,0.054502,0.600000,0.054502,0.600000,0,11.008734,0.060657,0.045990,0.600000,0.580000,0.220000
1772476883,834005896,0.148081,-0.848038,-2.958023,-1.359829,-0.469802,-0.912155,1,0.053898,0.604538,0.054502,0.600000,0.054472,0.600000,0.054472,0.600000,0,11.014760,0.061836,0.047169,0.600000,0.580000,0.220000
1772476883,859129308,0.147216,-0.848140,-2.942417,-1.359342,-0.470525,-0.896549,1,0.054448,0.599239,0.054472,0.600000,0.055180,0.600000,0.055180,0.600000,0,10.873579,0.061806,0.047139,0.600000,0.580000,0.220000
1772476883,909286310,0.144616,-0.849302,-2.913116,-1.357119,-0.472305,-0.867248,1,0.055370,0.591045,0.055180,0.600000,0.056413,0.600000,0.056413,0.600000,0,10.635847,0.062513,0.047846,0.600000,0.580000,0.220000
1772476883,934261281,0.142067,-0.850075,-2.898434,-1.355266,-0.474219,-0.852566,1,0.056698,0.623594,0.056413,0.600000,0.056404,0.600000,0.056404,0.600000,0,10.637622,0.063746,0.049080,0.600000,0.580000,0.220000
1772476883,959413083,0.140909,-0.851244,-2.883556,-1.353697,-0.474714,-0.837688,1,0.055807,0.599922,0.056404,0.600000,0.057388,0.600000,0.057388,0.600000,0,10.455216,0.063737,0.049070,0.600000,0.580000,0.220000
1772476883,984503755,0.140134,-0.850757,-2.868234,-1.353776,-0.475625,-0.822366,1,0.058005,0.600013,0.057388,0.600000,0.057965,0.600000,0.057965,0.600000,0,10.351061,0.064721,0.050054,0.600000,0.580000,0.220000
1772476884,34594528,0.137237,-0.850730,-2.837466,-1.357631,-0.477025,-0.791628,1,0.058316,0.592537,0.057965,0.600000,0.059097,0.600000,0.059097,0.600000,0,10.152772,0.065298,0.050632,0.600000,0.580000,0.220000
1772476884,59770517,0.135644,-0.850986,-2.822593,-1.356674,-0.478325,-0.776754,1,0.059059,0.590576,0.059097,0.600000,0.059492,0.600000,0.059492,0.600000,0,10.085379,0.066430,0.051764,0.600000,0.580000,0.220000
1772476884,84735549,0.134879,-0.851950,-2.807275,-1.355468,-0.478564,-0.761436,1,0.059743,0.600155,0.059492,0.600000,0.060836,0.600000,0.060836,0.600000,0,9.862515,0.066825,0.052159,0.600000,0.580000,0.220000
1772476884,134901308,0.131749,-0.853779,-2.775648,-1.352410,-0.480511,-0.729809,1,0.060616,0.616287,0.060836,0.600000,0.062571,0.600000,0.062571,0.600000,0,9.589129,0.068170,0.053503,0.600000,0.580000,0.220000
1772476884,160061844,0.130295,-0.852659,-2.760078,-1.352741,-0.482316,-0.714240,1,0.063059,0.592101,0.062571,0.600000,0.062459,0.600000,0.062459,0.600000,0,9.606237,0.069904,0.055238,0.600000,0.580000,0.220000
1772476884,185075459,0.127649,-0.853485,-2.744026,-1.350749,-0.484804,-0.697878,1,0.062502,0.603880,0.062459,0.600000,0.062097,0.600000,0.062097,0.600000,0,9.662272,0.069793,0.055126,0.600000,0.580000,0.220000
1772476884,235292136,0.125696,-0.854797,-2.712920,-1.348372,-0.489394,-0.664692,1,0.062522,0.591484,0.062097,0.600000,0.061580,0.600000,0.061580,0.600000,0,9.743478,0.069431,0.054764,0.600000,0.580000,0.220000
1772476884,260302785,0.123916,-0.856612,-2.697030,-1.345942,-0.490142,-0.648801,1,0.061341,0.613028,0.061580,0.600000,0.062756,0.600000,0.062756,0.600000,0,9.560914,0.068913,0.054246,0.600000,0.580000,0.220000
1772476884,285348520,0.121090,-0.856863,-2.681643,-1.344420,-0.492537,-0.633414,1,0.062936,0.610072,0.062756,0.600000,0.062298,0.600000,0.062298,0.600000,0,9.631173,0.070089,0.055422,0.600000,0.580000,0.220000
1772476884,335462282,0.118845,-0.859022,-2.651152,-1.341665,-0.493109,-0.602669,1,0.061860,0.607343,0.062298,0.600000,0.065318,0.600000,0.065318,0.600000,0,9.185876,0.069631,0.054964,0.600000,0.580000,0.220000
1772476884,360564064,0.117771,-0.860413,-2.636014,-1.341278,-0.490454,-0.585761,1,0.065851,0.595235,0.065318,0.600000,0.070340,0.600000,0.070340,0.600000,0,8.530012,0.072651,0.057984,0.600000,0.580000,0.220000
1772476884,385635323,0.115264,-0.859506,-2.620280,-1.340926,-0.493097,-0.570027,1,0.071541,0.597618,0.070340,0.600000,0.069332,0.600000,0.069332,0.600000,0,8.654028,0.077673,0.063007,0.600000,0.580000,0.220000
1772476884,435793386,0.113209,-0.862454,-2.589039,-1.337362,-0.493561,-0.538787,1,0.069247,0.595718,0.069332,0.600000,0.073559,0.600000,0.073559,0.600000,0,8.156663,0.076665,0.061999,0.600000,0.580000,0.220000
1772476884,460970484,0.111073,-0.864136,-2.573366,-1.334747,-0.495295,-0.523789,1,0.074295,0.595912,0.073559,0.600000,0.074916,0.600000,0.074916,0.600000,0,8.008950,0.080893,0.066226,0.600000,0.580000,0.220000
1772476884,485950217,0.110572,-0.864025,-2.557997,-1.333721,-0.499838,-0.512855,1,0.074764,0.587615,0.074916,0.600000,0.071397,0.600000,0.071397,0.600000,0,8.403696,0.082250,0.067583,0.600000,0.580000,0.220000
1772476884,536049384,0.106378,-0.865347,-2.526674,-1.330629,-0.502965,-0.481532,1,0.071492,0.590382,0.071397,0.600000,0.070601,0.600000,0.070601,0.600000,0,8.498457,0.078730,0.064064,0.600000,0.580000,0.220000
1772476884,561149460,0.104884,-0.866790,-2.511471,-1.328859,-0.503437,-0.466139,1,0.070081,0.594384,0.070601,0.600000,0.072365,0.600000,0.072365,0.600000,0,8.291246,0.077934,0.063268,0.600000,0.580000,0.220000
1772476884,586186706,0.103898,-0.869026,-2.496303,-1.327784,-0.501899,-0.449637,1,0.072632,0.604349,0.072365,0.600000,0.077142,0.600000,0.077142,0.600000,0,7.777909,0.079699,0.065032,0.600000,0.580000,0.220000
1772476884,636372449,0.100693,-0.870919,-2.465626,-1.324633,-0.503881,-0.418960,1,0.077030,0.600820,0.077142,0.600000,0.084475,0.597893,0.084475,0.597893,0,7.077764,0.084475,0.069808,0.600000,0.580000,0.220000
1772476884,661394850,0.099805,-0.872208,-2.450524,-1.322799,-0.504409,-0.403813,1,0.085559,0.586881,0.084475,0.597893,0.091808,0.577893,0.091808,0.577893,0,6.064910,0.091808,0.077142,0.600000,0.577893,0.220000
1772476884,686624984,0.097844,-0.873448,-2.434883,-1.318730,-0.508004,-0.387848,1,0.093430,0.578279,0.091808,0.577893,0.099142,0.557893,0.099142,0.557893,0,5.569576,0.099142,0.084475,0.597893,0.557893,0.220000
1772476884,736619035,0.094675,-0.876668,-2.402914,-1.314415,-0.509345,-0.355879,1,0.099365,0.551764,0.099142,0.557893,0.106475,0.537893,0.106475,0.537893,0,4.867256,0.106475,0.091808,0.577893,0.537893,0.220000
1772476884,761658369,0.091424,-0.877372,-2.387463,-1.311997,-0.511736,-0.340394,1,0.108032,0.542521,0.106475,0.537893,0.113808,0.517893,0.113808,0.517893,0,4.390196,0.113808,0.099142,0.557893,0.517893,0.220000
1772476884,786881893,0.089882,-0.879541,-2.372927,-1.307042,-0.510766,-0.325595,1,0.116045,0.507489,0.113808,0.517893,0.121142,0.497893,0.121142,0.497893,0,3.797790,0.121142,0.106475,0.537893,0.497893,0.220000
1772476884,836959563,0.085866,-0.883889,-2.346175,-1.301337,-0.512340,-0.298843,1,0.121130,0.490139,0.121142,0.497893,0.128475,0.477893,0.128475,0.477893,0,3.413293,0.128475,0.113808,0.517893,0.477893,0.220000
1772476884,861926690,0.083496,-0.886332,-2.332759,-1.298702,-0.513263,-0.285262,1,0.129965,0.458872,0.128475,0.477893,0.135808,0.457893,0.135808,0.457893,0,3.055896,0.135808,0.121142,0.497893,0.457893,0.220000
1772476884,886987636,0.082534,-0.888469,-2.320290,-1.301312,-0.512639,-0.271483,1,0.138040,0.445505,0.135808,0.457893,0.143142,0.437893,0.143142,0.437893,0,2.700001,0.143142,0.128475,0.477893,0.437893,0.220000
1772476884,937122236,0.077312,-0.893932,-2.295033,-1.294060,-0.514763,-0.246226,1,0.143621,0.422193,0.143142,0.437893,0.150475,0.417893,0.150475,0.417893,0,2.437553,0.150475,0.135808,0.457893,0.417893,0.220000
1772476884,962084248,0.073793,-0.896259,-2.282758,-1.290276,-0.516889,-0.234021,1,0.152311,0.392921,0.150475,0.417893,0.157808,0.397893,0.157808,0.397893,0,2.252998,0.157808,0.143142,0.437893,0.397893,0.220000
1772476884,987167842,0.072361,-0.898955,-2.271828,-1.286395,-0.517528,-0.223675,1,0.162075,0.372338,0.157808,0.397893,0.165142,0.377893,0.165142,0.377893,0,2.035286,0.165142,0.150475,0.417893,0.377893,0.220000
1772476885,37241970,0.066855,-0.904499,-2.250172,-1.278941,-0.519871,-0.202018,1,0.164847,0.370449,0.165142,0.377893,0.172475,0.357893,0.172475,0.357893,0,1.898810,0.172475,0.157808,0.397893,0.357893,0.220000
1772476885,62288396,0.064321,-0.907182,-2.239725,-1.275474,-0.520958,-0.191228,1,0.165305,0.375108,0.172475,0.357893,0.179808,0.337893,0.179808,0.337893,0,1.841648,0.179808,0.165142,0.377893,0.337893,0.220000
1772476885,87333024,0.061296,-0.909050,-2.229502,-1.273131,-0.523395,-0.177942,1,0.185260,0.286433,0.179808,0.337893,0.187142,0.317893,0.187142,0.317893,0,1.580636,0.187142,0.172475,0.357893,0.317893,0.220000
1772476885,137378877,0.055627,-0.916922,-2.209763,-1.263530,-0.524782,-0.158204,1,0.187449,0.310674,0.187142,0.317893,0.194475,0.297893,0.194475,0.297893,0,1.456815,0.194475,0.179808,0.337893,0.297893,0.220000
1772476885,162430994,0.051067,-0.921132,-2.200232,-1.257520,-0.526934,-0.148585,1,0.187367,0.314496,0.194475,0.297893,0.201808,0.291554,0.201808,0.291554,0,1.444709,0.201808,0.187142,0.317893,0.277893,0.220000
1772476885,187477113,0.049677,-0.923449,-2.191949,-1.253216,-0.527623,-0.139469,1,0.202670,0.289353,0.201808,0.291554,0.209142,0.271554,0.209142,0.271554,0,1.269381,0.209142,0.194475,0.311554,0.271554,0.220000
1772476885,237643324,0.044497,-0.933151,-2.176032,-1.242218,-0.527719,-0.123553,1,0.204450,0.276652,0.209142,0.271554,0.216475,0.251554,0.216475,0.251554,0,1.158830,0.216475,0.201808,0.291554,0.251554,0.220000
1772476885,262559878,0.041235,-0.937425,-2.168670,-1.237061,-0.528599,-0.116100,1,0.202208,0.261874,0.216475,0.251554,0.220000,0.252265,0.220000,0.252265,0,1.146659,0.220000,0.209142,0.271554,0.231554,0.220000
1772476885,287625358,0.037889,-0.941854,-2.162082,-1.233024,-0.529196,-0.108602,1,0.197691,0.230284,0.220000,0.252265,0.220000,0.251788,0.220000,0.251788,0,1.144491,0.220000,0.212667,0.272265,0.232265,0.220000
1772476885,337676495,0.032029,-0.951552,-2.150026,-1.221714,-0.529885,-0.096546,1,0.191498,0.213352,0.220000,0.251788,0.220000,0.248524,0.220000,0.248524,0,1.129654,0.220000,0.212667,0.271788,0.231788,0.220000
1772476885,362692596,0.029732,-0.955196,-2.144671,-1.217292,-0.530395,-0.091258,1,0.188932,0.216967,0.220000,0.248524,0.220000,0.247985,0.220000,0.247985,0,1.127204,0.220000,0.212667,0.268524,0.228524,0.220000
1772476885,387691202,0.026714,-0.957535,-2.138364,-1.212430,-0.533781,-0.085663,1,0.184603,0.211650,0.220000,0.247985,0.220000,0.266651,0.220000,0.266651,0,1.212049,0.220000,0.212667,0.267985,0.227985,0.220000
1772476885,437819986,0.021536,-0.966125,-2.126541,-1.202418,-0.534389,-0.073841,1,0.180355,0.213878,0.220000,0.266651,0.220000,0.261024,0.220000,0.261024,0,1.186474,0.220000,0.212667,0.286651,0.246651,0.220000
1772476885,462750198,0.018668,-0.969390,-2.120564,-1.198178,-0.535433,-0.067865,1,0.178542,0.212236,0.220000,0.261024,0.220000,0.261893,0.220000,0.261893,0,1.190424,0.220000,0.212667,0.281024,0.241024,0.220000
1772476885,487806048,0.017967,-0.973800,-2.115442,-1.193710,-0.534223,-0.062769,1,0.176743,0.216714,0.220000,0.261893,0.220000,0.250397,0.220000,0.250397,0,1.138168,0.220000,0.212667,0.281893,0.241893,0.220000
1772476885,537839373,0.011682,-0.980482,-2.103214,-1.184877,-0.536695,-0.050540,1,0.176219,0.191078,0.220000,0.250397,0.220000,0.247671,0.220000,0.247671,0,1.125776,0.220000,0.212667,0.270397,0.230397,0.220000
1772476885,562858296,0.009192,-0.984919,-2.097624,-1.179781,-0.537226,-0.045314,1,0.175618,0.220387,0.220000,0.247671,0.220000,0.244216,0.220000,0.244216,0,1.110072,0.220000,0.212667,0.267671,0.227671,0.220000
1772476885,587960239,0.008448,-0.988209,-2.091868,-1.176395,-0.541582,-0.044513,1,0.176357,0.203399,0.220000,0.244216,0.216224,0.264216,0.216224,0.264216,0,1.221952,0.220000,0.212667,0.264216,0.224216,0.220000
1772476885,638002108,0.003709,-0.996717,-2.081451,-1.166660,-0.541890,-0.034097,1,0.175132,0.217925,0.216224,0.264216,0.220000,0.257681,0.220000,0.257681,0,1.171278,0.220000,0.208891,0.284216,0.244216,0.220000
1772476885,662999025,0.000427,-1.000178,-2.076104,-1.162005,-0.543183,-0.028849,1,0.177234,0.203380,0.220000,0.257681,0.220000,0.252597,0.220000,0.252597,0,1.148170,0.220000,0.212667,0.277681,0.237681,0.220000
1772476885,687982663,-0.001330,-1.003812,-2.070721,-1.156863,-0.542567,-0.024942,1,0.179839,0.208591,0.220000,0.252597,0.220000,0.237117,0.220000,0.237117,0,1.077805,0.220000,0.212667,0.272597,0.232597,0.220000
1772476885,738076160,-0.005935,-1.011077,-2.058287,-1.148297,-0.543340,-0.012508,1,0.184249,0.196052,0.220000,0.237117,0.220000,0.217117,0.220000,0.217117,0,0.970812,0.220000,0.212667,0.257117,0.217117,0.220000
1772476885,763107552,-0.007181,-1.016434,-2.053755,-1.143298,-0.541837,-0.008157,1,0.185522,0.200768,0.220000,0.217117,0.220000,0.197117,0.220000,0.197117,0,0.892581,0.220000,0.212667,0.237117,0.197117,0.220000
1772476885,788082808,-0.009248,-1.021729,-2.048982,-1.143162,-0.538636,-0.006357,1,0.195002,0.159123,0.220000,0.197117,0.220000,0.177117,0.220000,0.177117,0,0.732021,0.220000,0.212667,0.217117,0.177117,0.220000
1772476885,838206368,-0.013085,-1.028275,-2.039221,-1.135587,-0.539078,0.003404,1,0.203336,0.152527,0.220000,0.177117,0.220000,0.157117,0.220000,0.157117,0,0.632047,0.220000,0.212667,0.197117,0.157117,0.220000
1772476885,863282067,-0.016260,-1.033288,-2.034253,-1.129421,-0.539510,0.008369,1,0.207506,0.160471,0.220000,0.157117,0.220000,0.137117,0.220000,0.137117,0,0.590795,0.220000,0.212667,0.177117,0.137117,0.220000
1772476885,888239390,-0.017321,-1.038620,-2.028736,-1.119676,-0.535983,0.013844,1,0.218200,0.141761,0.220000,0.137117,0.220000,0.117117,0.220000,0.117117,0,0.446950,0.220000,0.212667,0.157117,0.117117,0.220000
1772476885,938292176,-0.022850,-1.047310,-2.020365,-1.109423,-0.536958,0.022215,1,0.216794,0.116854,0.220000,0.117117,0.220000,0.097117,0.220000,0.097117,0,0.425189,0.220000,0.212667,0.137117,0.097117,0.220000
1772476885,963276128,-0.025126,-1.052384,-2.017596,-1.103868,-0.536679,0.024983,1,0.216331,0.119259,0.220000,0.097117,0.220000,0.089736,0.220000,0.089736,0,0.407893,0.220000,0.212667,0.117117,0.077117,0.220000
1772476886,13309588,-0.029626,-1.061611,-2.012648,-1.096288,-0.536010,0.034120,1,0.217380,0.092615,0.220000,0.089736,0.220000,0.074846,0.220000,0.074846,0,0.340209,0.220000,0.212667,0.109736,0.069736,0.220000
1772476886,38359613,-0.031971,-1.065602,-2.010291,-1.091666,-0.536266,0.036476,1,0.218154,0.108545,0.220000,0.074846,0.220000,0.072811,0.220000,0.072811,0,0.330961,0.220000,0.212667,0.094846,0.054846,0.220000
1772476886,63338824,-0.034865,-1.070257,-2.007730,-1.086203,-0.536706,0.039038,1,0.219126,0.085051,0.220000,0.072811,0.220000,0.071249,0.220000,0.071249,0,0.323857,0.220000,0.212667,0.092811,0.052811,0.220000
1772476886,88404787,-0.036527,-1.075963,-2.005901,-1.080370,-0.535568,0.040866,1,0.220335,0.087494,0.220000,0.071249,0.220000,0.064412,0.220000,0.064412,0,0.292782,0.220000,0.212667,0.091249,0.051249,0.220000
1772476886,138469694,-0.042157,-1.084608,-2.001105,-1.069809,-0.534007,0.048233,1,0.220198,0.062894,0.220000,0.064412,0.220000,0.049741,0.220000,0.049741,0,0.226097,0.220000,0.212667,0.084412,0.044412,0.220000
1772476886,163506479,-0.042518,-1.090203,-1.999692,-1.064676,-0.531751,0.049646,1,0.220131,0.064286,0.220000,0.049741,0.220000,0.039452,0.220000,0.039452,0,0.179329,0.220000,0.212667,0.069741,0.029741,0.220000
1772476886,188443689,-0.047027,-1.094470,-1.997265,-1.058813,-0.533789,0.052073,1,0.220019,0.044439,0.220000,0.039452,0.220000,0.045281,0.220000,0.045281,0,0.205821,0.220000,0.212667,0.059452,0.019452,0.220000
1772476886,238508378,-0.049455,-1.106697,-1.995878,-1.046842,-0.530314,0.053460,1,0.220046,0.054445,0.220000,0.045281,0.220000,0.031092,0.220000,0.031092,0,0.141329,0.220000,0.212667,0.065281,0.025281,0.220000
1772476886,263517350,-0.052775,-1.109506,-1.993883,-1.042819,-0.531967,0.055455,1,0.219669,0.057920,0.220000,0.031092,0.220000,0.035838,0.220000,0.035838,0,0.162902,0.220000,0.212667,0.051092,0.011092,0.220000
1772476886,288529977,-0.053291,-1.115817,-1.993517,-1.036955,-0.529513,0.055839,1,0.220137,0.047401,0.220000,0.035838,0.220000,0.026109,0.220000,0.026109,0,0.118677,0.220000,0.212667,0.055838,0.015838,0.220000
1772476886,338574372,-0.059007,-1.126059,-1.991199,-1.024576,-0.529699,0.058653,1,0.219730,0.030732,0.220000,0.026109,0.220000,0.025023,0.220000,0.025023,0,0.113739,0.220000,0.212667,0.046109,0.006109,0.220000
1772476886,363593130,-0.061384,-1.130010,-1.990296,-1.019973,-0.529988,0.059556,1,0.219696,0.022585,0.220000,0.025023,0.220000,0.025681,0.220000,0.025681,0,0.116734,0.220000,0.212667,0.045023,0.005023,0.220000
1772476886,388585307,-0.064006,-1.134843,-1.989376,-1.014476,-0.530087,0.060476,1,0.220132,0.029890,0.220000,0.025681,0.220000,0.025555,0.220000,0.025555,0,0.116159,0.220000,0.212667,0.045681,0.005681,0.220000
1772476886,438650431,-0.067784,-1.146516,-1.988109,-1.002376,-0.528059,0.061743,1,0.219905,0.052243,0.220000,0.025555,0.220000,0.017512,0.220000,0.017512,0,0.079599,0.220000,0.212667,0.045555,0.005555,0.220000
1772476886,463649389,-0.069698,-1.151532,-1.988035,-0.997042,-0.527445,0.061817,1,0.220430,0.028458,0.220000,0.017512,0.220000,0.015710,0.220000,0.015710,0,0.071409,0.220000,0.212667,0.037512,-0.002488,0.220000
1772476886,488649035,-0.071519,-1.155678,-1.987621,-0.992524,-0.527151,0.062231,1,0.219723,0.018728,0.220000,0.015710,0.220000,0.014731,0.220000,0.014731,0,0.066960,0.220000,0.212667,0.035710,-0.004290,0.220000
1772476886,538825533,-0.076841,-1.167916,-1.986610,-0.979134,-0.527698,0.062515,1,0.220019,0.036542,0.220000,0.014731,0.220000,0.018521,0.220000,0.018521,0,0.084189,0.220000,0.212667,0.034731,-0.005269,0.220000
1772476886,563734674,-0.078992,-1.171949,-1.986211,-0.974564,-0.527751,0.062915,1,0.219889,0.017980,0.220000,0.018521,0.220000,0.018939,0.220000,0.018939,0,0.086087,0.220000,0.212667,0.038521,-0.001479,0.220000
1772476886,588802981,-0.081168,-1.176677,-1.986410,-0.969365,-0.527507,0.062716,1,0.219793,0.016659,0.220000,0.018939,0.220000,0.019047,0.220000,0.019047,0,0.086579,0.220000,0.212667,0.038939,-0.001061,0.220000
1772476886,638838494,-0.085565,-1.187597,-1.985226,-0.957646,-0.526384,0.063900,1,0.220134,0.037251,0.220000,0.019047,0.220000,0.014670,0.220000,0.014670,0,0.066681,0.220000,0.212667,0.039047,-0.000953,0.220000
1772476886,663864407,-0.086456,-1.193517,-1.984963,-0.951981,-0.524450,0.064163,1,0.220460,0.009546,0.220000,0.014670,0.220000,0.007382,0.220000,0.007382,0,0.033557,0.220000,0.212667,0.034670,-0.005330,0.220000
1772476886,688846469,-0.089512,-1.196657,-1.983965,-0.947786,-0.525718,0.065161,1,0.220159,0.018928,0.220000,0.007382,0.220000,0.011821,0.220000,0.011821,0,0.053732,0.220000,0.212667,0.027382,-0.012618,0.220000
1772476886,738901013,-0.094439,-1.207851,-1.983896,-0.935581,-0.524939,0.065229,1,0.220484,0.021339,0.220000,0.011821,0.220000,0.010481,0.220000,0.010481,0,0.047640,0.220000,0.212667,0.031821,-0.008179,0.220000
1772476886,763949830,-0.096270,-1.212086,-1.984711,-0.930920,-0.524644,0.064422,1,0.219673,0.032003,0.220000,0.010481,0.220000,0.011173,0.220000,0.011173,0,0.050788,0.220000,0.212667,0.030481,-0.009519,0.220000
1772476886,789027873,-0.098071,-1.217241,-1.985133,-0.923851,-0.524696,0.064194,1,0.219730,0.002872,0.220000,0.011173,0.220000,0.012777,0.220000,0.012777,0,0.058078,0.220000,0.212667,0.031173,-0.008827,0.220000
1772476886,839013060,-0.103353,-1.225432,-1.983484,-0.914147,-0.525613,0.065843,1,0.220305,0.015129,0.220000,0.012777,0.220000,0.015720,0.220000,0.015720,0,0.071456,0.220000,0.212667,0.032777,-0.007223,0.220000
1772476886,864094597,-0.105680,-1.230086,-1.983266,-0.908944,-0.525535,0.066061,1,0.220481,0.023576,0.220000,0.015720,0.220000,0.015925,0.220000,0.015925,0,0.072387,0.220000,0.212667,0.035720,-0.004280,0.220000
1772476886,889057419,-0.106952,-1.236673,-1.984104,-0.902511,-0.523632,0.065222,1,0.219474,0.015471,0.220000,0.015925,0.220000,0.010488,0.220000,0.010488,0,0.047675,0.220000,0.212667,0.035925,-0.004075,0.220000
1772476886,939150191,-0.111609,-1.247580,-1.983670,-0.890685,-0.522743,0.065657,1,0.220078,0.030563,0.220000,0.010488,0.220000,0.008023,0.220000,0.008023,0,0.036466,0.220000,0.212667,0.030488,-0.009512,0.220000
1772476886,964142927,-0.113738,-1.251200,-1.982954,-0.886492,-0.522966,0.066373,1,0.219791,0.029381,0.220000,0.008023,0.220000,0.008673,0.220000,0.008673,0,0.039423,0.220000,0.212667,0.028023,-0.011977,0.220000
1772476886,989155360,-0.116631,-1.256095,-1.983162,-0.880815,-0.523280,0.066164,1,0.220297,0.011702,0.220000,0.008673,0.220000,0.011047,0.220000,0.011047,0,0.050213,0.220000,0.212667,0.028673,-0.011327,0.220000
1772476887,39203331,-0.120439,-1.267250,-1.984581,-0.869159,-0.521524,0.064746,1,0.220276,0.002150,0.220000,0.011047,0.220000,0.007644,0.220000,0.007644,0,0.034744,0.220000,0.212667,0.031047,-0.008953,0.220000
1772476887,64214839,-0.122504,-1.271948,-1.984806,-0.864102,-0.521171,0.064695,1,0.220100,-0.002462,0.220000,0.007644,0.220000,0.007063,0.220000,0.007063,0,0.032106,0.220000,0.212667,0.027644,-0.012356,0.220000
1772476887,89276462,-0.124521,-1.276989,-1.985120,-0.860498,-0.519993,0.069183,1,0.220380,0.011244,0.220000,0.007063,0.220000,-0.003122,0.220000,-0.003122,0,-0.014190,0.220000,0.212667,0.027063,-0.012937,0.220000
1772476887,139336523,-0.129571,-1.286453,-1.985657,-0.849771,-0.520065,0.068646,1,0.220360,0.002609,0.220000,-0.003122,0.220000,-0.000476,0.220000,-0.000476,0,-0.002165,0.220000,0.212667,0.016878,-0.023122,0.220000
1772476887,164365080,-0.131640,-1.292183,-1.985423,-0.843736,-0.519233,0.068880,1,0.220427,-0.008795,0.220000,-0.000476,0.220000,-0.003229,0.220000,-0.003229,0,-0.014679,0.220000,0.212667,0.019524,-0.020476,0.220000
1772476887,189371654,-0.133940,-1.297700,-1.985915,-0.837782,-0.518704,0.068388,1,0.219806,-0.011253,0.220000,-0.003229,0.220000,-0.003775,0.220000,-0.003775,0,-0.017161,0.220000,0.212667,0.016771,-0.023229,0.220000
1772476887,239465407,-0.138966,-1.307460,-1.987044,-0.826804,-0.518617,0.067259,1,0.219732,-0.011480,0.220000,-0.003775,0.220000,-0.000950,0.220000,-0.000950,0,-0.004319,0.220000,0.212667,0.016225,-0.023775,0.220000
1772476887,264509920,-0.140669,-1.313323,-1.988124,-0.820822,-0.517399,0.066179,1,0.219723,-0.005011,0.220000,-0.000950,0.220000,-0.003541,0.220000,-0.003541,0,-0.016093,0.220000,0.212667,0.019050,-0.020950,0.220000
1772476887,289503463,-0.143480,-1.317651,-1.988765,-0.815683,-0.517876,0.065538,1,0.220109,-0.007517,0.220000,-0.003541,0.220000,0.000000,0.220000,0.000000,0,-0.000165,0.220000,0.212667,0.016459,-0.023541,0.220000
1772476887,339585891,-0.148701,-1.327095,-1.988135,-0.807926,-0.519320,0.064973,1,0.220685,-0.004446,0.220000,0.000000,0.220000,0.007697,0.220000,0.007697,0,0.034984,0.220000,0.212667,0.020000,-0.020000,0.220000
1772476887,364651091,-0.150035,-1.331722,-1.988856,-0.803208,-0.518355,0.064252,1,0.220060,0.004283,0.220000,0.007697,0.220000,0.005458,0.220000,0.005458,0,0.024810,0.220000,0.212667,0.027697,-0.012303,0.220000
1772476887,389642159,-0.151437,-1.339243,-1.990448,-0.795895,-0.516109,0.062661,1,0.219583,0.000000,0.220000,0.005458,0.220000,-0.000361,0.220000,-0.000361,0,-0.001640,0.220000,0.212667,0.025458,-0.014542,0.220000
1772476887,439716733,-0.157114,-1.347857,-1.990074,-0.785631,-0.517143,0.063034,1,0.219656,0.009690,0.220000,-0.000361,0.220000,0.004806,0.220000,0.004806,0,0.021846,0.220000,0.212667,0.019639,-0.020361,0.220000
1772476887,464712049,-0.158462,-1.351854,-1.990509,-0.781463,-0.516484,0.062599,1,0.219917,0.005981,0.220000,0.004806,0.220000,0.003263,0.220000,0.003263,0,0.014831,0.220000,0.212667,0.024806,-0.015194,0.220000
1772476887,489742117,-0.161421,-1.357561,-1.991044,-0.775035,-0.516458,0.062064,1,0.219922,0.009897,0.220000,0.003263,0.220000,0.004787,0.220000,0.004787,0,0.021759,0.220000,0.212667,0.023263,-0.016737,0.220000
1772476887,539786329,-0.166264,-1.366882,-1.991504,-0.764531,-0.516425,0.061605,1,0.219605,0.008432,0.220000,0.004787,0.220000,0.006816,0.220000,0.006816,0,0.030982,0.220000,0.212667,0.024787,-0.015213,0.220000
1772476887,564808034,-0.168309,-1.371329,-1.991703,-0.759731,-0.516081,0.061367,1,0.219834,0.002748,0.220000,0.006816,0.220000,0.006352,0.220000,0.006352,0,0.028873,0.220000,0.212667,0.026816,-0.013184,0.220000
1772476887,589855468,-0.169982,-1.377636,-1.991631,-0.755334,-0.512550,0.060580,1,0.220032,-0.004489,0.220000,0.006352,0.220000,-0.006292,0.220000,-0.006292,0,-0.028598,0.220000,0.212667,0.026352,-0.013648,0.220000
1772476887,639911283,-0.174423,-1.387238,-1.992365,-0.744767,-0.512040,0.059846,1,0.219733,-0.007370,0.220000,-0.006292,0.220000,-0.005909,0.220000,-0.005909,0,-0.026857,0.220000,0.212667,0.013708,-0.026292,0.220000
1772476887,664966015,-0.177348,-1.391937,-1.992142,-0.739248,-0.512457,0.060070,1,0.219881,-0.002917,0.220000,-0.005909,0.220000,-0.003797,0.220000,-0.003797,0,-0.017260,0.220000,0.212667,0.014091,-0.025909,0.220000
1772476887,689956157,-0.179470,-1.397109,-1.992504,-0.733681,-0.511943,0.059707,1,0.220021,-0.007323,0.220000,-0.003797,0.220000,-0.004668,0.220000,-0.004668,0,-0.021216,0.220000,0.212667,0.016203,-0.023797,0.220000
1772476887,740005504,-0.183901,-1.407905,-1.992436,-0.722060,-0.510872,0.059775,1,0.219872,0.003002,0.220000,-0.004668,0.220000,-0.007573,0.220000,-0.007573,0,-0.034421,0.220000,0.212667,0.015332,-0.024668,0.220000
1772476887,765035440,-0.187082,-1.412238,-1.992128,-0.716747,-0.511685,0.060083,1,0.219581,-0.003412,0.220000,-0.007573,0.220000,-0.003977,0.220000,-0.003977,0,-0.018075,0.220000,0.212667,0.012427,-0.027573,0.220000
1772476887,790081605,-0.189285,-1.416558,-1.993702,-0.711898,-0.511637,0.058509,1,0.220481,-0.009401,0.220000,-0.003977,0.220000,-0.001518,0.220000,-0.001518,0,-0.006901,0.220000,0.212667,0.016023,-0.023977,0.220000
1772476887,840133846,-0.193651,-1.427400,-1.994423,-0.700296,-0.510569,0.057781,1,0.219851,0.000000,0.220000,-0.001518,0.220000,-0.003411,0.220000,-0.003411,0,-0.015505,0.220000,0.212667,0.018482,-0.021518,0.220000
1772476887,865234620,-0.195919,-1.432648,-1.994238,-0.695231,-0.511910,0.057810,1,0.219903,0.003538,0.220000,-0.003411,0.220000,0.002572,0.220000,0.002572,0,0.011693,0.220000,0.212667,0.016589,-0.023411,0.220000
1772476887,890200790,-0.198027,-1.438573,-1.994631,-0.689002,-0.511035,0.057417,1,0.220262,0.002546,0.220000,0.002572,0.220000,0.000279,0.220000,0.000279,0,0.001269,0.220000,0.212667,0.022572,-0.017428,0.220000
1772476887,940200739,-0.202769,-1.449142,-1.996079,-0.677439,-0.510347,0.055969,1,0.219744,0.010163,0.220000,0.000279,0.220000,0.000811,0.220000,0.000811,0,0.003688,0.220000,0.212667,0.020279,-0.019721,0.220000
1772476887,965208171,-0.204424,-1.453322,-1.996826,-0.672967,-0.509879,0.055221,1,0.220739,0.004223,0.220000,0.000811,0.220000,0.000370,0.220000,0.000370,0,0.001683,0.220000,0.212667,0.020811,-0.019189,0.220000
1772476887,990296220,-0.207122,-1.458578,-1.996544,-0.667060,-0.509838,0.055504,1,0.219482,-0.007917,0.220000,0.000370,0.220000,0.000573,0.220000,0.000573,0,0.002602,0.220000,0.212667,0.020370,-0.019630,0.220000
1772476888,40352753,-0.211093,-1.469206,-1.996012,-0.655801,-0.508438,0.056035,1,0.220235,0.006080,0.220000,0.000573,0.220000,-0.004695,0.220000,-0.004695,0,-0.021339,0.220000,0.212667,0.020573,-0.019427,0.220000
1772476888,65358269,-0.213912,-1.473505,-1.996758,-0.650685,-0.508947,0.055290,1,0.219995,-0.005093,0.220000,-0.004695,0.220000,-0.001117,0.220000,-0.001117,0,-0.005079,0.220000,0.212667,0.015305,-0.024695,0.220000
1772476888,90488389,-0.214666,-1.479082,-1.997278,-0.645622,-0.506991,0.054775,1,0.219763,-0.001077,0.220000,-0.001117,0.220000,-0.007796,0.220000,-0.007796,0,-0.035435,0.220000,0.212667,0.018883,-0.021117,0.220000
1772476888,140473583,-0.220940,-1.488905,-1.996869,-0.638524,-0.507172,0.055288,1,0.220430,-0.011729,0.220000,-0.007796,0.220000,-0.007069,0.220000,-0.007069,0,-0.032132,0.220000,0.212667,0.012204,-0.027796,0.220000
1772476888,165472340,-0.222932,-1.494442,-1.997379,-0.632693,-0.506375,0.054778,1,0.220234,-0.004677,0.220000,-0.007069,0.220000,-0.009071,0.220000,-0.009071,0,-0.041232,0.220000,0.212667,0.012931,-0.027069,0.220000
1772476888,190455336,-0.225134,-1.498896,-1.998056,-0.627727,-0.506264,0.054100,1,0.220100,-0.003269,0.220000,-0.009071,0.220000,-0.008157,0.220000,-0.008157,0,-0.037078,0.220000,0.212667,0.010929,-0.029071,0.220000
1772476888,240526718,-0.230561,-1.508213,-1.998389,-0.616956,-0.506761,0.053768,1,0.219498,-0.012323,0.220000,-0.008157,0.220000,-0.004681,0.220000,-0.004681,0,-0.021279,0.220000,0.212667,0.011843,-0.028157,0.220000
1772476888,265521524,-0.230851,-1.514850,-1.999348,-0.610938,-0.503945,0.052808,1,0.219963,-0.004683,0.220000,-0.004681,0.220000,-0.014349,0.220000,-0.014349,0,-0.065223,0.220000,0.212667,0.015319,-0.024681,0.220000
1772476888,290598633,-0.234881,-1.518553,-1.999333,-0.605790,-0.505803,0.052824,1,0.219747,-0.017044,0.220000,-0.014349,0.220000,-0.006412,0.220000,-0.006412,0,-0.029147,0.220000,0.212667,0.005651,-0.034349,0.220000
1772476888,340623439,-0.239017,-1.528743,-1.999912,-0.594846,-0.504559,0.052366,1,0.220437,-0.002788,0.220000,-0.006412,0.220000,-0.010034,0.220000,-0.010034,0,-0.045607,0.220000,0.212667,0.013588,-0.026412,0.220000
1772476888,365649893,-0.240861,-1.534747,-2.000776,-0.588746,-0.498963,0.054312,1,0.219994,-0.012450,0.220000,-0.010034,0.212667,-0.030034,0.212667,-0.030034,0,-0.158203,0.220000,0.212667,0.009966,-0.030034,0.220000
1772476888,390827572,-0.243658,-1.539938,-2.000760,-0.582849,-0.499022,0.054328,1,0.212290,-0.014248,0.212667,-0.030034,0.220000,-0.034851,0.220000,-0.034851,0,-0.158414,0.220000,0.205333,-0.010034,-0.050034,0.220000
1772476888,440772112,-0.247713,-1.551920,-2.001864,-0.570357,-0.497032,0.053224,1,0.219736,-0.041421,0.220000,-0.034851,0.220000,-0.040011,0.220000,-0.040011,0,-0.181867,0.220000,0.212667,-0.014851,-0.054851,0.220000
1772476888,465726503,-0.249927,-1.556062,-2.003046,-0.565661,-0.497063,0.052042,1,0.220535,-0.038518,0.220000,-0.040011,0.220000,-0.038025,0.220000,-0.038025,0,-0.172841,0.220000,0.212667,-0.020011,-0.060011,0.220000
1772476888,490770564,-0.252277,-1.562305,-2.004257,-0.559041,-0.496236,0.050832,1,0.220201,-0.043002,0.220000,-0.038025,0.220000,-0.039405,0.220000,-0.039405,0,-0.179115,0.220000,0.212667,-0.018025,-0.058025,0.220000
1772476888,540820824,-0.256560,-1.572041,-2.007206,-0.548431,-0.495494,0.047882,1,0.219787,-0.040777,0.220000,-0.039405,0.220000,-0.038018,0.220000,-0.038018,0,-0.172810,0.220000,0.212667,-0.019405,-0.059405,0.220000
1772476888,565816287,-0.259570,-1.577717,-2.007261,-0.542006,-0.495515,0.047828,1,0.219881,-0.033647,0.220000,-0.038018,0.220000,-0.037589,0.220000,-0.037589,0,-0.170857,0.220000,0.212667,-0.018018,-0.058018,0.220000
1772476888,590859025,-0.261429,-1.582516,-2.008631,-0.536894,-0.494926,0.046457,1,0.219749,-0.043878,0.220000,-0.037589,0.220000,-0.037984,0.220000,-0.037984,0,-0.172652,0.220000,0.212667,-0.017589,-0.057589,0.220000
1772476888,641042795,-0.265663,-1.593536,-2.010394,-0.532741,-0.493032,0.045825,1,0.220319,-0.037573,0.220000,-0.037984,0.220000,-0.044620,0.220000,-0.044620,0,-0.202817,0.220000,0.212667,-0.017984,-0.057984,0.220000
1772476888,666033858,-0.267388,-1.596791,-2.011709,-0.529056,-0.493039,0.044510,1,0.220222,-0.044159,0.220000,-0.044620,0.220000,-0.042740,0.220000,-0.042740,0,-0.194272,0.220000,0.212667,-0.024620,-0.064620,0.220000
1772476888,691008204,-0.271310,-1.603330,-2.011998,-0.521443,-0.493457,0.044222,1,0.219887,-0.034254,0.220000,-0.042740,0.220000,-0.040500,0.220000,-0.040500,0,-0.184091,0.220000,0.212667,-0.022740,-0.062740,0.220000
1772476888,741009792,-0.276071,-1.613949,-2.015228,-0.509829,-0.492714,0.040991,1,0.219838,-0.040927,0.220000,-0.040500,0.220000,-0.039036,0.220000,-0.039036,0,-0.177434,0.220000,0.212667,-0.020500,-0.060500,0.220000
1772476888,766137422,-0.278111,-1.623566,-2.016126,-0.500371,-0.490031,0.040093,1,0.220927,-0.031479,0.220000,-0.039036,0.220000,-0.048600,0.220000,-0.048600,0,-0.220907,0.220000,0.212667,-0.019036,-0.059036,0.220000
1772476888,791074622,-0.282313,-1.637435,-2.015726,-0.486144,-0.487277,0.040494,1,0.219533,-0.038708,0.220000,-0.048600,0.220000,-0.060459,0.220000,-0.060459,0,-0.274813,0.220000,0.212667,-0.028600,-0.068600,0.220000
1772476888,841110359,-0.286879,-1.648176,-2.017415,-0.474513,-0.486304,0.038804,1,0.220234,-0.066520,0.220000,-0.060459,0.220000,-0.062212,0.220000,-0.062212,0,-0.282783,0.220000,0.212667,-0.040459,-0.080459,0.220000
1772476888,866130346,-0.289090,-1.653993,-2.019146,-0.468412,-0.485489,0.037029,1,0.219909,-0.063984,0.220000,-0.062212,0.220000,-0.063350,0.220000,-0.063350,0,-0.287954,0.220000,0.212667,-0.042212,-0.082212,0.220000
1772476888,891193825,-0.291012,-1.658438,-2.021068,-0.465615,-0.483642,0.033906,1,0.219475,-0.058957,0.220000,-0.063350,0.220000,-0.066892,0.220000,-0.066892,0,-0.304054,0.220000,0.212667,-0.043350,-0.083350,0.220000
1772476888,941241957,-0.295525,-1.668487,-2.024320,-0.454620,-0.482960,0.030655,1,0.220332,-0.066448,0.220000,-0.066892,0.220000,-0.065583,0.220000,-0.065583,0,-0.298107,0.220000,0.212667,-0.046892,-0.086892,0.220000
1772476888,966241439,-0.297889,-1.673251,-2.025421,-0.449303,-0.482834,0.029553,1,0.219431,-0.071978,0.220000,-0.065583,0.220000,-0.065095,0.220000,-0.065095,0,-0.295885,0.220000,0.212667,-0.045583,-0.085583,0.220000
1772476888,991272926,-0.300034,-1.680526,-2.027805,-0.441866,-0.481347,0.027169,1,0.220550,-0.065917,0.220000,-0.065095,0.220000,-0.068170,0.220000,-0.068170,0,-0.309863,0.220000,0.212667,-0.045095,-0.085095,0.220000
1772476889,41368675,-0.304895,-1.690691,-2.030173,-0.430607,-0.480917,0.024801,1,0.219641,-0.075948,0.220000,-0.068170,0.220000,-0.067672,0.220000,-0.067672,0,-0.307599,0.220000,0.212667,-0.048170,-0.088170,0.220000
1772476889,66357538,-0.307022,-1.696758,-2.033041,-0.424247,-0.479975,0.021933,1,0.220111,-0.058427,0.220000,-0.067672,0.220000,-0.068044,0.220000,-0.068044,0,-0.309289,0.220000,0.212667,-0.047672,-0.087672,0.220000
1772476889,91410521,-0.310853,-1.700150,-2.034102,-0.419461,-0.481787,0.020872,1,0.220124,-0.072885,0.220000,-0.068044,0.220000,-0.059766,0.220000,-0.059766,0,-0.271665,0.220000,0.212667,-0.048044,-0.088044,0.220000
1772476889,141438655,-0.315750,-1.710990,-2.036594,-0.412025,-0.478006,0.021154,1,0.219462,-0.061703,0.220000,-0.059766,0.220000,-0.076361,0.220000,-0.076361,0,-0.347096,0.220000,0.212667,-0.039766,-0.079766,0.220000
1772476889,166478273,-0.317561,-1.716725,-2.038496,-0.406108,-0.476923,0.019252,1,0.219952,-0.057836,0.220000,-0.076361,0.220000,-0.078644,0.220000,-0.078644,0,-0.357473,0.220000,0.212667,-0.056361,-0.096361,0.220000
1772476889,191900418,-0.320603,-1.721798,-2.039848,-0.400202,-0.477237,0.017900,1,0.220298,-0.079150,0.220000,-0.078644,0.220000,-0.076287,0.220000,-0.076287,0,-0.346758,0.220000,0.212667,-0.058644,-0.098644,0.220000
1772476889,241512456,-0.325910,-1.732029,-2.044316,-0.388676,-0.477141,0.013432,1,0.219591,-0.080749,0.220000,-0.076287,0.220000,-0.072429,0.220000,-0.072429,0,-0.329225,0.220000,0.212667,-0.056287,-0.096287,0.220000
1772476889,266562930,-0.328081,-1.738190,-2.046410,-0.382216,-0.476176,0.011338,1,0.219967,-0.074970,0.220000,-0.072429,0.220000,-0.074375,0.220000,-0.074375,0,-0.338066,0.220000,0.212667,-0.052429,-0.092429,0.220000
1772476889,291639373,-0.329593,-1.744502,-2.048528,-0.375930,-0.474559,0.009220,1,0.219799,-0.074905,0.220000,-0.074375,0.220000,-0.079146,0.220000,-0.079146,0,-0.359756,0.220000,0.212667,-0.054375,-0.094375,0.220000
1772476889,341676999,-0.335342,-1.755332,-2.052870,-0.363669,-0.474572,0.004878,1,0.219824,-0.075750,0.220000,-0.079146,0.220000,-0.075526,0.220000,-0.075526,0,-0.343301,0.220000,0.212667,-0.059146,-0.099146,0.220000
1772476889,366709112,-0.338042,-1.760542,-2.054017,-0.357973,-0.474449,0.003897,1,0.219882,-0.077066,0.220000,-0.075526,0.220000,-0.075814,0.220000,-0.075814,0,-0.344611,0.220000,0.212667,-0.055526,-0.095526,0.220000
1772476889,391744066,-0.340129,-1.764654,-2.056134,-0.357308,-0.472742,0.005565,1,0.220051,-0.080493,0.220000,-0.075814,0.220000,-0.084998,0.220000,-0.084998,0,-0.386355,0.220000,0.212667,-0.055814,-0.095814,0.220000
1772476889,441825510,-0.346412,-1.774592,-2.059534,-0.345583,-0.473598,0.002165,1,0.220039,-0.079960,0.220000,-0.084998,0.220000,-0.079623,0.220000,-0.079623,0,-0.361922,0.220000,0.212667,-0.064998,-0.104998,0.220000
1772476889,466799919,-0.348542,-1.778968,-2.061166,-0.340719,-0.473413,0.000533,1,0.219528,-0.073224,0.220000,-0.079623,0.220000,-0.079533,0.220000,-0.079533,0,-0.361512,0.220000,0.212667,-0.059623,-0.099623,0.220000
1772476889,491871458,-0.351619,-1.785089,-2.063459,-0.333870,-0.473241,-0.001760,1,0.220204,-0.078671,0.220000,-0.079533,0.220000,-0.078750,0.220000,-0.078750,0,-0.357953,0.220000,0.212667,-0.059533,-0.099533,0.220000
1772476889,541941892,-0.356061,-1.794943,-2.066264,-0.323086,-0.472514,-0.004564,1,0.220128,-0.073470,0.220000,-0.078750,0.220000,-0.080940,0.220000,-0.080940,0,-0.367911,0.220000,0.212667,-0.058750,-0.098750,0.220000
1772476889,566962474,-0.360114,-1.799004,-2.067668,-0.317594,-0.474174,-0.005969,1,0.219908,-0.078467,0.220000,-0.080940,0.220000,-0.074043,0.220000,-0.074043,0,-0.336557,0.220000,0.212667,-0.060940,-0.100940,0.220000
1772476889,591964238,-0.360424,-1.804036,-2.069941,-0.313010,-0.472075,-0.008241,1,0.219810,-0.070408,0.220000,-0.074043,0.220000,-0.080965,0.220000,-0.080965,0,-0.368023,0.220000,0.212667,-0.054043,-0.094043,0.220000
1772476889,642030724,-0.366122,-1.813590,-2.073751,-0.307169,-0.468695,-0.012924,1,0.220321,-0.080355,0.220000,-0.080965,0.220000,-0.090173,0.220000,-0.090173,0,-0.409877,0.220000,0.212667,-0.060965,-0.100965,0.220000
1772476889,667080077,-0.367985,-1.818472,-2.075336,-0.301985,-0.468042,-0.014510,1,0.219480,-0.088055,0.220000,-0.090173,0.220000,-0.092720,0.220000,-0.092720,0,-0.421453,0.220000,0.212667,-0.070173,-0.110173,0.220000
1772476889,692072936,-0.371470,-1.822886,-2.076496,-0.296450,-0.469039,-0.015669,1,0.219714,-0.087794,0.220000,-0.092720,0.220000,-0.089081,0.220000,-0.089081,0,-0.404914,0.220000,0.212667,-0.072720,-0.112720,0.220000
1772476889,742193227,-0.376729,-1.830737,-2.080453,-0.287048,-0.469983,-0.019626,1,0.220888,-0.098406,0.220000,-0.089081,0.220000,-0.083633,0.220000,-0.083633,0,-0.380151,0.220000,0.212667,-0.069081,-0.109081,0.220000
1772476889,767194364,-0.379694,-1.837059,-2.083238,-0.280074,-0.469625,-0.022411,1,0.220140,-0.090748,0.220000,-0.083633,0.220000,-0.084312,0.220000,-0.084312,0,-0.383237,0.220000,0.212667,-0.063633,-0.103633,0.220000
1772476889,792263365,-0.382528,-1.841494,-2.085618,-0.274828,-0.470037,-0.024791,1,0.219690,-0.085370,0.220000,-0.084312,0.220000,-0.081949,0.220000,-0.081949,0,-0.372495,0.220000,0.212667,-0.064312,-0.104312,0.220000
1772476889,842257630,-0.387109,-1.850629,-2.087998,-0.265839,-0.469312,-0.028480,1,0.220545,-0.081696,0.220000,-0.081949,0.220000,-0.084206,0.220000,-0.084206,0,-0.382754,0.220000,0.212667,-0.061949,-0.101949,0.220000
1772476889,867311460,-0.390118,-1.854652,-2.089674,-0.260875,-0.470080,-0.030156,1,0.219995,-0.090181,0.220000,-0.084206,0.220000,-0.081414,0.220000,-0.081414,0,-0.370066,0.220000,0.212667,-0.064206,-0.104206,0.220000
1772476889,892383666,-0.393081,-1.857649,-2.091954,-0.256838,-0.471289,-0.032436,1,0.219662,-0.082581,0.220000,-0.081414,0.220000,-0.075767,0.220000,-0.075767,0,-0.344393,0.220000,0.212667,-0.061414,-0.101414,0.220000
1772476889,942487162,-0.398775,-1.866449,-2.095460,-0.246394,-0.472185,-0.035941,1,0.220095,-0.075256,0.220000,-0.075767,0.220000,-0.073572,0.220000,-0.073572,0,-0.334416,0.220000,0.212667,-0.055767,-0.095767,0.220000
1772476889,967508736,-0.400437,-1.872144,-2.098107,-0.240586,-0.470978,-0.038588,1,0.220208,-0.079394,0.220000,-0.073572,0.220000,-0.078448,0.220000,-0.078448,0,-0.356581,0.220000,0.212667,-0.053572,-0.093572,0.220000
1772476889,992586914,-0.403214,-1.877206,-2.098801,-0.234813,-0.471053,-0.039282,1,0.219914,-0.077425,0.220000,-0.078448,0.220000,-0.081119,0.220000,-0.081119,0,-0.368723,0.220000,0.212667,-0.058448,-0.098448,0.220000
1772476890,42588139,-0.408930,-1.889634,-2.102188,-0.221156,-0.470266,-0.042669,1,0.219704,-0.075470,0.220000,-0.081119,0.220000,-0.089632,0.220000,-0.089632,0,-0.407420,0.220000,0.212667,-0.061119,-0.101119,0.220000
1772476890,67682766,-0.410535,-1.894184,-2.103737,-0.216226,-0.469358,-0.044189,1,0.220362,-0.086662,0.220000,-0.089632,0.220000,-0.095316,0.220000,-0.095316,0,-0.433256,0.220000,0.212667,-0.069632,-0.109632,0.220000
1772476890,92664165,-0.412977,-1.899875,-2.105760,-0.207208,-0.465465,-0.045676,1,0.220373,-0.100014,0.220000,-0.095316,0.217697,-0.115316,0.217697,-0.115316,0,-0.529710,0.220000,0.212667,-0.075316,-0.115316,0.220000
1772476890,142769712,-0.419470,-1.909765,-2.110958,-0.195427,-0.466547,-0.050874,1,0.217575,-0.113834,0.217697,-0.115316,0.220000,-0.116348,0.220000,-0.116348,0,-0.528853,0.220000,0.210364,-0.095316,-0.135316,0.220000
1772476890,167776245,-0.421361,-1.912667,-2.112449,-0.191976,-0.466853,-0.052366,1,0.217102,-0.110201,0.220000,-0.116348,0.220000,-0.116681,0.220000,-0.116681,0,-0.530366,0.220000,0.212667,-0.096348,-0.136348,0.220000
1772476890,192858477,-0.424299,-1.919552,-2.115478,-0.184518,-0.466210,-0.055395,1,0.219843,-0.115972,0.220000,-0.116681,0.220000,-0.124287,0.220000,-0.124287,0,-0.564940,0.220000,0.212667,-0.096681,-0.136681,0.220000
1772476890,242944581,-0.429810,-1.927870,-2.120454,-0.174585,-0.467165,-0.060371,1,0.219407,-0.124019,0.220000,-0.124287,0.220000,-0.126415,0.220000,-0.126415,0,-0.574613,0.220000,0.212667,-0.104287,-0.144287,0.220000
1772476890,267988381,-0.433460,-1.933703,-2.124154,-0.167722,-0.467645,-0.064070,1,0.219925,-0.126451,0.220000,-0.126415,0.220000,-0.129894,0.220000,-0.129894,0,-0.590426,0.220000,0.212667,-0.106415,-0.146415,0.220000
1772476890,293057233,-0.435921,-1.938972,-2.127207,-0.161914,-0.467340,-0.067124,1,0.219871,-0.125617,0.220000,-0.129894,0.220000,-0.135980,0.220000,-0.135980,0,-0.618092,0.220000,0.212667,-0.109894,-0.149894,0.220000
1772476890,343124641,-0.441219,-1.947649,-2.134194,-0.150381,-0.471448,-0.073056,1,0.219747,-0.135238,0.220000,-0.135980,0.220000,-0.134239,0.220000,-0.134239,0,-0.610178,0.220000,0.212667,-0.115980,-0.155980,0.220000
1772476890,368161056,-0.445206,-1.950566,-2.136521,-0.145929,-0.473591,-0.075383,1,0.220717,-0.140672,0.220000,-0.134239,0.220000,-0.133205,0.220000,-0.133205,0,-0.605479,0.220000,0.212667,-0.114239,-0.154239,0.220000
1772476890,393259158,-0.447854,-1.957619,-2.140090,-0.138460,-0.472606,-0.078953,1,0.219893,-0.136055,0.220000,-0.133205,0.220000,-0.151206,0.220000,-0.151206,0,-0.687301,0.220000,0.212667,-0.113205,-0.153205,0.220000
1772476890,418247871,-0.451319,-1.962172,-2.142909,-0.132813,-0.473518,-0.081771,1,0.219888,-0.150224,0.220000,-0.151206,0.220000,-0.161721,0.220000,-0.161721,0,-0.735095,0.220000,0.212667,-0.131206,-0.171206,0.220000
1772476890,443317824,-0.455216,-1.965006,-2.145660,-0.128477,-0.475622,-0.084523,1,0.219561,-0.156732,0.220000,-0.161721,0.220000,-0.164836,0.220000,-0.164836,0,-0.749256,0.220000,0.212667,-0.141721,-0.181721,0.220000
1772476890,493381254,-0.459137,-1.976023,-2.152865,-0.116912,-0.473892,-0.091727,1,0.220708,-0.172704,0.220000,-0.164836,0.212667,-0.184836,0.212667,-0.184836,0,-1.032976,0.220000,0.212667,-0.144836,-0.184836,0.220000
1772476890,518443423,-0.463182,-1.981039,-2.156595,-0.110582,-0.475098,-0.095457,1,0.212506,-0.186511,0.212667,-0.184836,0.220000,-0.201518,0.220000,-0.201518,0,-0.915993,0.220000,0.205333,-0.164836,-0.204836,0.220000
1772476890,568564621,-0.466455,-1.989274,-2.164350,-0.101776,-0.474108,-0.103213,1,0.220355,-0.194579,0.220000,-0.201518,0.212667,-0.221518,0.212667,-0.221518,0,-6.035653,0.220000,0.212667,-0.181518,-0.221518,0.220000
1772476890,593572317,-0.470825,-1.992913,-2.169187,-0.096632,-0.476250,-0.107917,1,0.211185,-0.203053,0.212667,-0.221518,0.205333,-0.241518,0.205333,-0.241518,0,-6.247533,0.220000,0.205333,-0.201518,-0.241518,0.220000
1772476890,618641119,-0.472485,-1.997568,-2.173581,-0.093565,-0.475520,-0.110388,1,0.206217,-0.239486,0.205333,-0.241518,0.212667,-0.251708,0.212667,-0.251708,0,-1.183582,0.212667,0.198000,-0.221518,-0.261518,0.220000
1772476890,668724173,-0.479213,-2.007633,-2.183883,-0.081515,-0.476690,-0.120691,1,0.214360,-0.255435,0.212667,-0.251708,0.205333,-0.271708,0.205333,-0.271708,0,-6.200024,0.220000,0.205333,-0.231708,-0.271708,0.220000
1772476890,693750817,-0.482182,-2.012104,-2.190474,-0.076172,-0.477193,-0.127282,1,0.203805,-0.255972,0.205333,-0.271708,0.198000,-0.291708,0.198000,-0.291708,0,-6.459826,0.212667,0.198000,-0.251708,-0.291708,0.220000
1772476890,718775309,-0.484098,-2.017784,-2.195808,-0.070260,-0.476197,-0.132616,1,0.197766,-0.292908,0.198000,-0.291708,0.190667,-0.311708,0.190667,-0.311708,0,-6.592289,0.205333,0.190667,-0.271708,-0.311708,0.220000
1772476890,768942569,-0.490661,-2.025483,-2.208464,-0.060373,-0.478341,-0.145271,1,0.197398,-0.285065,0.190667,-0.311708,0.183333,-0.331708,0.183333,-0.331708,0,-6.650058,0.198000,0.183333,-0.291708,-0.331708,0.220000
1772476890,793916823,-0.492839,-2.029324,-2.216267,-0.055959,-0.478443,-0.153075,1,0.182159,-0.306099,0.183333,-0.331708,0.190667,-0.311708,0.190667,-0.311708,0,-1.292895,0.190667,0.176000,-0.311708,-0.351708,0.220000
1772476890,818959443,-0.496266,-2.033105,-2.224357,-0.051008,-0.479676,-0.161165,1,0.190171,-0.315811,0.190667,-0.311708,0.183333,-0.331708,0.183333,-0.331708,0,-6.838649,0.198000,0.183333,-0.291708,-0.331708,0.220000
1772476890,869097190,-0.500921,-2.040940,-2.239696,-0.041903,-0.480074,-0.176504,1,0.190468,-0.324176,0.183333,-0.331708,0.176000,-0.351708,0.176000,-0.351708,0,-6.864216,0.190667,0.176000,-0.311708,-0.351708,0.220000
1772476890,894106546,-0.503714,-2.043875,-2.247347,-0.037863,-0.480814,-0.184016,1,0.175256,-0.332285,0.176000,-0.351708,0.168667,-0.371708,0.168667,-0.371708,0,-7.102406,0.183333,0.168667,-0.331708,-0.371708,0.220000
1772476890,919162920,-0.505619,-2.047487,-2.254389,-0.031997,-0.476263,-0.189177,1,0.168840,-0.372762,0.168667,-0.371708,0.176000,-0.351708,0.176000,-0.351708,0,-1.563252,0.176000,0.161333,-0.351708,-0.391708,0.220000
1772476890,969194902,-0.510547,-2.053969,-2.270885,-0.023953,-0.477526,-0.205673,1,0.168076,-0.370806,0.176000,-0.351708,0.168667,-0.371708,0.168667,-0.371708,0,-7.110609,0.183333,0.168667,-0.331708,-0.371708,0.220000
1772476890,994255264,-0.514577,-2.057906,-2.280771,-0.018575,-0.479205,-0.215559,1,0.166421,-0.366173,0.168667,-0.371708,0.161333,-0.391708,0.161333,-0.391708,0,-7.232879,0.176000,0.161333,-0.351708,-0.391708,0.220000
1772476891,19346181,-0.516783,-2.060741,-2.289533,-0.015033,-0.479801,-0.224320,1,0.161637,-0.413887,0.161333,-0.391708,0.154000,-0.411708,0.154000,-0.411708,0,-7.176198,0.168667,0.154000,-0.371708,-0.411708,0.220000
1772476891,69475600,-0.523508,-2.067287,-2.307635,-0.006080,-0.482615,-0.242423,1,0.152070,-0.395209,0.154000,-0.411708,0.161333,-0.391708,0.161333,-0.391708,0,-1.650162,0.161333,0.146667,-0.391708,-0.431708,0.220000
1772476891,94474201,-0.524941,-2.069406,-2.316433,-0.003535,-0.482870,-0.251220,1,0.161987,-0.403701,0.161333,-0.391708,0.154000,-0.411708,0.154000,-0.411708,0,-7.502205,0.168667,0.154000,-0.371708,-0.411708,0.220000
1772476891,144535750,-0.529923,-2.074774,-2.335967,0.003555,-0.484709,-0.270754,1,0.153642,-0.402655,0.154000,-0.411708,0.146667,-0.431708,0.146667,-0.431708,0,-7.515114,0.161333,0.146667,-0.391708,-0.431708,0.220000
1772476891,169629450,-0.532430,-2.078642,-2.347644,0.008112,-0.484694,-0.282095,1,0.145497,-0.417035,0.146667,-0.431708,0.139333,-0.451708,0.139333,-0.451708,0,-6.990282,0.154000,0.139333,-0.411708,-0.451708,0.220000
1772476891,194679794,-0.533588,-2.081428,-2.357910,0.010632,-0.479545,-0.288139,1,0.137619,-0.443599,0.139333,-0.451708,0.146667,-0.431708,0.146667,-0.431708,0,-1.008048,0.146667,0.132000,-0.431708,-0.471708,0.220000
1772476891,219723469,-0.535398,-2.084108,-2.367793,0.013851,-0.479852,-0.298021,1,0.146901,-0.424426,0.146667,-0.431708,0.139333,-0.451708,0.139333,-0.451708,0,-7.010837,0.154000,0.139333,-0.411708,-0.451708,0.220000
1772476891,269786922,-0.541667,-2.088984,-2.390200,0.021133,-0.483023,-0.320428,1,0.138688,-0.431806,0.139333,-0.451708,0.132000,-0.471708,0.132000,-0.471708,0,-6.264458,0.146667,0.132000,-0.431708,-0.471708,0.220000
1772476891,294886664,-0.543305,-2.090923,-2.401875,0.023619,-0.483533,-0.332103,1,0.131411,-0.464818,0.132000,-0.471708,0.139333,-0.451708,0.139333,-0.451708,0,-1.031569,0.139333,0.124667,-0.451708,-0.491708,0.220000
1772476891,345001072,-0.549095,-2.095618,-2.424622,0.030513,-0.486371,-0.354851,1,0.139610,-0.451140,0.139333,-0.451708,0.132000,-0.471708,0.132000,-0.471708,0,-7.509391,0.146667,0.132000,-0.431708,-0.471708,0.220000
1772476891,370028076,-0.550964,-2.098315,-2.435788,0.033775,-0.486721,-0.366016,1,0.132079,-0.453279,0.132000,-0.471708,0.124667,-0.491708,0.124667,-0.491708,0,-6.461694,0.139333,0.124667,-0.451708,-0.491708,0.220000
1772476891,395091001,-0.553732,-2.100231,-2.446407,0.036782,-0.488235,-0.376635,1,0.123827,-0.477450,0.124667,-0.491708,0.132000,-0.471708,0.132000,-0.471708,0,-1.009392,0.132000,0.117333,-0.471708,-0.511708,0.220000
1772476891,420153421,-0.554987,-2.101961,-2.457752,0.038902,-0.488510,-0.387980,1,0.132328,-0.456529,0.132000,-0.471708,0.124667,-0.491708,0.124667,-0.491708,0,-7.216842,0.139333,0.124667,-0.451708,-0.491708,0.220000
1772476891,470223223,-0.559642,-2.107636,-2.482574,0.048000,-0.491290,-0.410585,1,0.132213,-0.471579,0.124667,-0.491708,0.117333,-0.511708,0.117333,-0.511708,0,-7.917561,0.132000,0.117333,-0.471708,-0.511708,0.220000
1772476891,495307664,-0.561869,-2.108372,-2.493853,0.049715,-0.492890,-0.421864,1,0.116225,-0.504007,0.117333,-0.511708,0.124667,-0.491708,0.124667,-0.491708,0,-1.174260,0.124667,0.110000,-0.491708,-0.531708,0.220000
1772476891,520462237,-0.563542,-2.111248,-2.506066,0.053041,-0.492975,-0.434077,1,0.124397,-0.476343,0.124667,-0.491708,0.117333,-0.511708,0.117333,-0.511708,0,-7.401621,0.132000,0.117333,-0.471708,-0.511708,0.220000
1772476891,570542608,-0.569178,-2.114929,-2.531355,0.058977,-0.496149,-0.459366,1,0.115840,-0.493736,0.117333,-0.511708,0.110000,-0.531708,0.110000,-0.531708,0,-6.237233,0.124667,0.110000,-0.491708,-0.531708,0.220000
1772476891,595449067,-0.571301,-2.116565,-2.543786,0.061432,-0.497225,-0.471797,1,0.109143,-0.511515,0.110000,-0.531708,0.117333,-0.511708,0.117333,-0.511708,0,-1.461303,0.117333,0.102667,-0.511708,-0.551708,0.220000
1772476891,620537138,-0.572956,-2.118438,-2.555799,0.063869,-0.497776,-0.483810,1,0.116958,-0.493866,0.117333,-0.511708,0.110000,-0.531708,0.110000,-0.531708,0,-7.387175,0.124667,0.110000,-0.491708,-0.531708,0.220000
1772476891,670671102,-0.577277,-2.122435,-2.581654,0.069451,-0.499646,-0.509665,1,0.117511,-0.510890,0.110000,-0.531708,0.102667,-0.551708,0.102667,-0.551708,0,-7.997335,0.117333,0.102667,-0.511708,-0.551708,0.220000
1772476891,695720717,-0.579837,-2.123151,-2.594458,0.071309,-0.501547,-0.522469,1,0.101880,-0.531153,0.102667,-0.551708,0.110000,-0.531708,0.110000,-0.531708,0,-0.948873,0.110000,0.095333,-0.531708,-0.571708,0.220000
1772476891,720740534,-0.581131,-2.124945,-2.608140,0.073999,-0.501942,-0.536228,1,0.109611,-0.517266,0.110000,-0.531708,0.102667,-0.551708,0.102667,-0.551708,0,-7.160801,0.117333,0.102667,-0.511708,-0.551708,0.220000
1772476891,770925755,-0.585052,-2.127461,-2.634697,0.083900,-0.505615,-0.563680,1,0.110574,-0.530521,0.102667,-0.551708,0.095333,-0.571708,0.095333,-0.571708,0,-8.535894,0.110000,0.095333,-0.531708,-0.571708,0.220000
1772476891,795919256,-0.586884,-2.129463,-2.648571,0.086536,-0.506262,-0.577554,1,0.094019,-0.537846,0.095333,-0.571708,0.102667,-0.551708,0.102667,-0.551708,0,-2.743588,0.102667,0.088000,-0.551708,-0.591708,0.220000
1772476891,821016944,-0.589205,-2.130604,-2.661868,0.088650,-0.507752,-0.590852,1,0.102297,-0.549480,0.102667,-0.551708,0.095333,-0.571708,0.095333,-0.571708,0,-7.814346,0.110000,0.095333,-0.531708,-0.571708,0.220000
1772476891,871186894,-0.594051,-2.132863,-2.689930,0.092957,-0.510921,-0.618913,1,0.094017,-0.544319,0.095333,-0.571708,0.093877,-0.591708,0.093877,-0.591708,0,-6.303003,0.102667,0.088000,-0.551708,-0.591708,0.220000
1772476891,896131865,-0.595815,-2.133826,-2.703828,0.094531,-0.512302,-0.633112,1,0.093150,-0.576245,0.093877,-0.591708,0.092619,-0.600000,0.092619,-0.600000,0,-6.478179,0.101211,0.086544,-0.571708,-0.600000,0.220000
1772476891,921298628,-0.597207,-2.135441,-2.717860,0.095266,-0.516124,-0.650551,1,0.092660,-0.615376,0.092619,-0.600000,0.085285,-0.600000,0.085285,-0.600000,0,-7.137510,0.099952,0.085285,-0.580000,-0.600000,0.220000
1772476891,971349225,-0.601048,-2.136075,-2.747839,0.097653,-0.519200,-0.680529,1,0.084953,-0.608257,0.085285,-0.600000,0.092619,-0.580000,0.092619,-0.580000,0,-3.995185,0.092619,0.077952,-0.580000,-0.600000,0.220000
1772476891,996365218,-0.603040,-2.137528,-2.763135,0.099880,-0.520259,-0.695825,1,0.093921,-0.601639,0.092619,-0.580000,0.085285,-0.600000,0.085285,-0.600000,0,-8.380450,0.099952,0.085285,-0.560000,-0.600000,0.220000
1772476892,21554593,-0.602932,-2.138706,-2.777542,0.100865,-0.519603,-0.710233,1,0.085908,-0.613236,0.085285,-0.600000,0.092619,-0.580000,0.092619,-0.580000,0,-5.599221,0.092619,0.077952,-0.580000,-0.600000,0.220000
1772476892,71620355,-0.607862,-2.141297,-2.807305,0.107869,-0.522898,-0.742557,1,0.093117,-0.593405,0.092619,-0.580000,0.085285,-0.600000,0.085285,-0.600000,0,-8.988025,0.099952,0.085285,-0.560000,-0.600000,0.220000
1772476892,96618979,-0.610202,-2.141621,-2.821721,0.109264,-0.524805,-0.756972,1,0.084532,-0.578137,0.085285,-0.600000,0.078560,-0.600000,0.078560,-0.600000,0,-7.637451,0.092619,0.077952,-0.580000,-0.600000,0.220000
1772476892,121687546,-0.612725,-2.141990,-2.836530,0.110785,-0.526851,-0.771782,1,0.078344,-0.593977,0.078560,-0.600000,0.085894,-0.580000,0.085894,-0.580000,0,-5.713131,0.085894,0.071227,-0.580000,-0.600000,0.220000
1772476892,171834864,-0.616975,-2.143854,-2.867191,0.114194,-0.529843,-0.802593,1,0.086506,-0.602014,0.085894,-0.580000,0.078560,-0.600000,0.078560,-0.600000,0,-9.076922,0.093227,0.078560,-0.560000,-0.600000,0.220000
1772476892,196854828,-0.619842,-2.144649,-2.881771,0.113687,-0.533369,-0.818739,1,0.077433,-0.579680,0.078560,-0.600000,0.082826,-0.600000,0.082826,-0.600000,0,-7.244112,0.085894,0.071227,-0.580000,-0.600000,0.220000
1772476892,222047055,-0.619966,-2.145011,-2.895483,0.114065,-0.533307,-0.832452,1,0.082443,-0.596033,0.082826,-0.600000,0.075493,-0.600000,0.075493,-0.600000,0,-8.540449,0.090159,0.075493,-0.580000,-0.600000,0.220000
1772476892,272054773,-0.621498,-2.146868,-2.925006,0.116426,-0.533779,-0.861975,1,0.074616,-0.586608,0.075493,-0.600000,0.082826,-0.580000,0.082826,-0.580000,0,-6.103393,0.082826,0.068159,-0.580000,-0.600000,0.220000
1772476892,297127896,-0.625685,-2.147219,-2.940808,0.118762,-0.537058,-0.877876,1,0.084774,-0.585664,0.082826,-0.580000,0.075493,-0.600000,0.075493,-0.600000,0,-9.472708,0.090159,0.075493,-0.560000,-0.600000,0.220000
1772476892,322205485,-0.626130,-2.147262,-2.955248,0.119502,-0.534930,-0.893320,1,0.075412,-0.599679,0.075493,-0.600000,0.082826,-0.580000,0.082826,-0.580000,0,-7.001930,0.082826,0.068159,-0.580000,-0.600000,0.220000
1772476892,372345423,-0.629874,-2.149748,-2.984385,0.123460,-0.537059,-0.922457,1,0.075624,-0.598341,0.082826,-0.580000,0.076037,-0.600000,0.076037,-0.600000,0,-7.890845,0.090159,0.075493,-0.560000,-0.600000,0.220000
1772476892,397510975,-0.631228,-2.148976,-2.999456,0.123418,-0.538617,-0.937528,1,0.075011,-0.573288,0.076037,-0.600000,0.076690,-0.600000,0.076690,-0.600000,0,-7.823702,0.083371,0.068704,-0.580000,-0.600000,0.220000
1772476892,422555418,-0.632937,-2.149656,-3.014275,0.124683,-0.539592,-0.951995,1,0.076495,-0.593982,0.076690,-0.600000,0.071718,-0.600000,0.071718,-0.600000,0,-8.366045,0.084023,0.069357,-0.580000,-0.600000,0.220000
1772476892,472731317,-0.634696,-2.150447,-3.043204,0.124874,-0.538784,-0.977605,1,0.076798,-0.598884,0.071718,-0.600000,0.075852,-0.600000,0.075852,-0.600000,0,-7.910170,0.079052,0.064385,-0.580000,-0.600000,0.220000
1772476892,497758435,-0.637915,-2.150337,-3.059877,0.126306,-0.541669,-0.994278,1,0.076161,-0.617353,0.075852,-0.600000,0.072252,-0.600000,0.072252,-0.600000,0,-8.304325,0.083185,0.068518,-0.580000,-0.600000,0.220000
1772476892,522763538,-0.639726,-2.151283,-3.074268,0.127998,-0.542813,-1.008669,1,0.072344,-0.607054,0.072252,-0.600000,0.075250,-0.600000,0.075250,-0.600000,0,-7.973438,0.079585,0.064918,-0.580000,-0.600000,0.220000
1772476892,572994854,-0.642432,-2.152576,-3.104272,0.130361,-0.546600,-1.038856,1,0.075337,-0.598626,0.075250,-0.600000,0.067917,-0.600000,0.067917,-0.600000,0,-8.953793,0.082583,0.067917,-0.580000,-0.600000,0.220000
1772476892,597980624,-0.643820,-2.152972,-3.119420,0.131368,-0.547634,-1.054005,1,0.066210,-0.590874,0.067917,-0.600000,0.068635,-0.600000,0.068635,-0.600000,0,-8.741861,0.075250,0.060583,-0.580000,-0.600000,0.220000
1772476892,623022632,-0.644458,-2.153300,-3.133742,0.131959,-0.548039,-1.068326,1,0.068526,-0.597276,0.068635,-0.600000,0.069160,-0.600000,0.069160,-0.600000,0,-8.675585,0.075969,0.061302,-0.580000,-0.600000,0.220000
1772476892,673185248,-0.649122,-2.152802,3.119077,0.138209,-0.550532,-1.099290,1,0.069388,-0.604393,0.069160,-0.600000,0.063288,-0.600000,0.063288,-0.600000,0,-9.480483,0.076493,0.061826,-0.580000,-0.600000,0.220000
1772476892,698244376,-0.649981,-2.152361,3.104319,0.138228,-0.551497,-1.114047,1,0.062429,-0.588709,0.063288,-0.600000,0.063728,-0.600000,0.063728,-0.600000,0,-9.414957,0.070621,0.055955,-0.580000,-0.600000,0.220000
1772476892,723399747,-0.651533,-2.153659,3.089555,0.140107,-0.552247,-1.128811,1,0.063391,-0.607777,0.063728,-0.600000,0.062863,-0.600000,0.062863,-0.600000,0,-9.544602,0.071062,0.056395,-0.580000,-0.600000,0.220000
1772476892,773572997,-0.653942,-2.153775,3.059660,0.143127,-0.557406,-1.161057,1,0.063065,-0.588026,0.062863,-0.600000,0.058831,-0.600000,0.058831,-0.600000,0,-10.198778,0.070196,0.055529,-0.580000,-0.600000,0.220000
1772476892,798565802,-0.657292,-2.154277,3.043882,0.145151,-0.560123,-1.176835,1,0.057917,-0.588052,0.058831,-0.600000,0.056725,-0.600000,0.056725,-0.600000,0,-10.577399,0.066164,0.051497,-0.580000,-0.600000,0.220000
1772476892,823603597,-0.658262,-2.153833,3.029182,0.145217,-0.561187,-1.191535,1,0.056439,-0.595705,0.056725,-0.600000,0.057051,-0.600000,0.057051,-0.600000,0,-10.516894,0.064058,0.049391,-0.580000,-0.600000,0.220000
1772476892,873775742,-0.661413,-2.154338,2.997711,0.144945,-0.557107,-1.220864,1,0.056900,-0.605806,0.057051,-0.600000,0.063524,-0.600000,0.063524,-0.600000,0,-9.445309,0.064384,0.049718,-0.580000,-0.600000,0.220000
1772476892,898808711,-0.662120,-2.154062,2.983219,0.145037,-0.557861,-1.235356,1,0.064387,-0.621459,0.063524,-0.600000,0.064220,-0.600000,0.064220,-0.600000,0,-9.342877,0.070857,0.056190,-0.580000,-0.600000,0.220000
1772476892,923980830,-0.664084,-2.154284,2.967903,0.146164,-0.559485,-1.250672,1,0.064544,-0.618390,0.064220,-0.600000,0.063326,-0.600000,0.063326,-0.600000,0,-9.474835,0.071553,0.056887,-0.580000,-0.600000,0.220000
1772476892,974149440,-0.665839,-2.154931,2.938449,0.146073,-0.553310,-1.280478,1,0.063086,-0.607993,0.063326,-0.600000,0.070659,-0.580000,0.070659,-0.580000,0,-8.040225,0.070659,0.055992,-0.580000,-0.600000,0.220000
1772476892,999133663,-0.666981,-2.154837,2.923463,0.146531,-0.554360,-1.295464,1,0.071945,-0.616901,0.070659,-0.580000,0.074815,-0.600000,0.074815,-0.600000,0,-8.019833,0.077992,0.063326,-0.560000,-0.600000,0.220000
1772476893,24141119,-0.670383,-2.153472,2.907085,0.146940,-0.558003,-1.311842,1,0.074528,-0.597351,0.074815,-0.600000,0.070989,-0.600000,0.070989,-0.600000,0,-8.452012,0.082148,0.067481,-0.580000,-0.600000,0.220000
1772476893,49345828,-0.669942,-2.154170,2.893405,0.147286,-0.556439,-1.325394,1,0.074867,-0.595588,0.070989,-0.600000,0.074377,-0.600000,0.074377,-0.600000,0,-8.067003,0.078322,0.063656,-0.580000,-0.600000,0.220000
1772476893,99517813,-0.674554,-2.152229,2.863677,0.147291,-0.554593,-1.354085,1,0.075014,-0.608694,0.074377,-0.600000,0.081705,-0.600000,0.081705,-0.600000,0,-7.343466,0.081710,0.067044,-0.580000,-0.600000,0.220000
1772476893,124474836,-0.675739,-2.151780,2.849018,0.147458,-0.555849,-1.368744,1,0.081452,-0.592344,0.081705,-0.600000,0.077803,-0.600000,0.077803,-0.600000,0,-7.711764,0.089039,0.074372,-0.580000,-0.600000,0.220000
1772476893,149956885,-0.679485,-2.151780,2.833030,0.148980,-0.558827,-1.384564,1,0.077676,-0.609030,0.077803,-0.600000,0.076694,-0.600000,0.076694,-0.600000,0,-7.823252,0.085137,0.070470,-0.580000,-0.600000,0.220000
1772476893,199854269,-0.682136,-2.150524,2.802993,0.147368,-0.559551,-1.413446,1,0.076630,-0.600799,0.076694,-0.600000,0.082745,-0.600000,0.082745,-0.600000,0,-7.251215,0.084028,0.069361,-0.580000,-0.600000,0.220000
1772476893,224829294,-0.684356,-2.149917,2.787842,0.147890,-0.561793,-1.428597,1,0.083416,-0.598856,0.082745,-0.600000,0.078474,-0.600000,0.078474,-0.600000,0,-7.645819,0.090078,0.075411,-0.580000,-0.600000,0.220000
1772476893,274968677,-0.689204,-2.148740,2.757956,0.147946,-0.566560,-1.459087,1,0.082872,-0.612965,0.078474,-0.600000,0.077543,-0.600000,0.077543,-0.600000,0,-7.737656,0.085808,0.071141,-0.580000,-0.600000,0.220000
1772476893,300007924,-0.690844,-2.147162,2.742428,0.147337,-0.568753,-1.474615,1,0.077149,-0.608517,0.077543,-0.600000,0.079265,-0.600000,0.079265,-0.600000,0,-7.569571,0.084876,0.070210,-0.580000,-0.600000,0.220000
1772476893,325254116,-0.693426,-2.147360,2.727444,0.148739,-0.570930,-1.489599,1,0.079106,-0.595187,0.079265,-0.600000,0.076924,-0.600000,0.076924,-0.600000,0,-7.799882,0.086598,0.071931,-0.580000,-0.600000,0.220000
1772476893,375374320,-0.694081,-2.146380,2.698141,0.146968,-0.569674,-1.514310,1,0.077184,-0.582648,0.076924,-0.600000,0.084258,-0.592998,0.084258,-0.592998,0,-7.037914,0.084258,0.069591,-0.580000,-0.600000,0.220000
1772476893,400462274,-0.697827,-2.145971,2.682250,0.148404,-0.573157,-1.530200,1,0.085548,-0.621046,0.084258,-0.592998,0.079984,-0.600000,0.079984,-0.600000,0,-7.501546,0.091591,0.076924,-0.572998,-0.600000,0.220000
1772476893,425485213,-0.699434,-2.145416,2.667121,0.148687,-0.574834,-1.545330,1,0.080503,-0.597202,0.079984,-0.600000,0.080501,-0.600000,0.080501,-0.600000,0,-7.453333,0.087317,0.072650,-0.580000,-0.600000,0.220000
1772476893,475598572,-0.704435,-2.142905,2.637901,0.146847,-0.572529,-1.574197,1,0.080589,-0.601704,0.080501,-0.600000,0.087834,-0.580000,0.087834,-0.580000,0,-6.597308,0.087834,0.073168,-0.580000,-0.600000,0.220000
1772476893,500791201,-0.706900,-2.142938,2.622535,0.148059,-0.574676,-1.589563,1,0.089149,-0.617318,0.087834,-0.580000,0.087799,-0.600000,0.087799,-0.600000,0,-6.833775,0.095168,0.080501,-0.560000,-0.600000,0.220000
1772476893,525713951,-0.707922,-2.141379,2.607645,0.147181,-0.576320,-1.604453,1,0.088081,-0.603255,0.087799,-0.600000,0.089153,-0.600000,0.089153,-0.600000,0,-6.730007,0.095133,0.080466,-0.580000,-0.600000,0.220000
1772476893,575885294,-0.712025,-2.139496,2.577949,0.144128,-0.581920,-1.636124,1,0.089360,-0.597743,0.089153,-0.600000,0.090298,-0.600000,0.090298,-0.600000,0,-6.644643,0.096486,0.081820,-0.580000,-0.600000,0.220000
1772476893,601068520,-0.714092,-2.137495,2.563302,0.143359,-0.584691,-1.650770,1,0.089868,-0.592781,0.090298,-0.600000,0.090126,-0.600000,0.090126,-0.600000,0,-6.657321,0.097632,0.082965,-0.580000,-0.600000,0.220000
1772476893,626042027,-0.714948,-2.137192,2.548514,0.143501,-0.585588,-1.665558,1,0.089933,-0.600371,0.090126,-0.600000,0.091586,-0.600000,0.091586,-0.600000,0,-6.551210,0.097460,0.082793,-0.580000,-0.600000,0.220000
1772476893,676197101,-0.720231,-2.134139,2.517869,0.137573,-0.583012,-1.691731,1,0.089789,-0.596787,0.091586,-0.600000,0.098919,-0.580000,0.098919,-0.580000,0,-5.590217,0.098919,0.084253,-0.580000,-0.600000,0.220000
1772476893,701382300,-0.722483,-2.132404,2.502464,0.137137,-0.585822,-1.707137,1,0.100824,-0.621334,0.098919,-0.580000,0.105614,-0.600000,0.105614,-0.600000,0,-5.681049,0.106253,0.091586,-0.560000,-0.600000,0.220000
1772476893,726434844,-0.723248,-2.131044,2.488713,0.136315,-0.587147,-1.720888,1,0.106104,-0.604111,0.105614,-0.600000,0.108041,-0.600000,0.108041,-0.600000,0,-5.553424,0.112948,0.098281,-0.580000,-0.600000,0.220000
1772476893,751516917,-0.725756,-2.129491,2.473818,0.136244,-0.590915,-1.736161,1,0.108931,-0.609776,0.108041,-0.600000,0.107257,-0.600000,0.107257,-0.600000,0,-5.594055,0.115375,0.100708,-0.580000,-0.600000,0.220000
1772476893,801616457,-0.730969,-2.126076,2.444049,0.136313,-0.602979,-1.768620,1,0.107849,-0.595752,0.107257,-0.600000,0.100102,-0.600000,0.100102,-0.600000,0,-5.993874,0.114590,0.099923,-0.580000,-0.600000,0.220000
1772476893,826760253,-0.732413,-2.124190,2.428896,0.135350,-0.605149,-1.783773,1,0.100556,-0.607536,0.100102,-0.600000,0.098646,-0.600000,0.098646,-0.600000,0,-6.082376,0.107436,0.092769,-0.580000,-0.600000,0.220000
1772476893,876950366,-0.738018,-2.120601,2.396911,0.138474,-0.619569,-1.814339,1,0.100561,-0.604571,0.098646,-0.600000,0.091312,-0.600000,0.091312,-0.600000,0,-6.842262,0.105979,0.091312,-0.580000,-0.600000,0.220000
1772476893,901898762,-0.739621,-2.118998,2.381124,0.137838,-0.621746,-1.830126,1,0.090364,-0.574352,0.091312,-0.600000,0.083979,-0.600000,0.083979,-0.600000,0,-7.215969,0.098646,0.083979,-0.580000,-0.600000,0.220000
1772476893,927072909,-0.741296,-2.116810,2.366183,0.136724,-0.624265,-1.845067,1,0.084309,-0.602397,0.083979,-0.600000,0.080488,-0.600000,0.080488,-0.600000,0,-7.454528,0.091312,0.076646,-0.580000,-0.600000,0.220000
1772476893,977279574,-0.744046,-2.114801,2.336470,0.140951,-0.631051,-1.875139,1,0.079637,-0.579155,0.080488,-0.600000,0.073155,-0.600000,0.073155,-0.600000,0,-8.242810,0.087821,0.073155,-0.580000,-0.600000,0.220000
1772476894,2273001,-0.745227,-2.112613,2.322095,0.139598,-0.633137,-1.889514,1,0.071706,-0.578997,0.073155,-0.600000,0.069638,-0.600000,0.069638,-0.600000,0,-8.615995,0.080488,0.065821,-0.580000,-0.600000,0.220000
1772476894,27452487,-0.747504,-2.112173,2.307882,0.140306,-0.635346,-1.903727,1,0.069294,-0.603411,0.069638,-0.600000,0.068809,-0.600000,0.068809,-0.600000,0,-8.719767,0.076971,0.062305,-0.580000,-0.600000,0.220000
1772476894,77603254,-0.750291,-2.109736,2.278254,0.138064,-0.638215,-1.931840,1,0.068561,-0.599217,0.068809,-0.600000,0.071000,-0.600000,0.071000,-0.600000,0,-8.450716,0.076143,0.061476,-0.580000,-0.600000,0.220000
1772476894,102593170,-0.751358,-2.108797,2.263105,0.137755,-0.639601,-1.946989,1,0.070656,-0.605750,0.071000,-0.600000,0.071805,-0.600000,0.071805,-0.600000,0,-8.355954,0.078333,0.063667,-0.580000,-0.600000,0.220000
1772476894,127755399,-0.752839,-2.106797,2.248254,0.136715,-0.641863,-1.961840,1,0.072241,-0.589184,0.071805,-0.600000,0.072136,-0.600000,0.072136,-0.600000,0,-8.317570,0.079138,0.064472,-0.580000,-0.600000,0.220000
1772476894,152782960,-0.755105,-2.104757,2.232851,0.135649,-0.644197,-1.977082,1,0.071909,-0.606500,0.072136,-0.600000,0.072469,-0.600000,0.072469,-0.600000,0,-8.279415,0.079470,0.064803,-0.580000,-0.600000,0.220000
1772476894,202950260,-0.758072,-2.102238,2.202833,0.132017,-0.643105,-2.005849,1,0.071828,-0.586742,0.072469,-0.600000,0.079802,-0.588775,0.079802,-0.588775,0,-7.377933,0.079802,0.065136,-0.580000,-0.600000,0.220000
1772476894,228137085,-0.759898,-2.101246,2.187461,0.132028,-0.645183,-2.021221,1,0.079178,-0.572190,0.079802,-0.588775,0.085543,-0.600000,0.085543,-0.600000,0,-7.013983,0.087136,0.072469,-0.568775,-0.600000,0.220000
1772476894,253081335,-0.760631,-2.099229,2.172853,0.130413,-0.646420,-2.035360,1,0.086588,-0.620881,0.085543,-0.600000,0.092877,-0.595361,0.092877,-0.595361,0,-6.410223,0.092877,0.078210,-0.580000,-0.600000,0.220000
1772476894,303264259,-0.761939,-2.096837,2.143849,0.127536,-0.646107,-2.061109,1,0.094266,-0.623967,0.092877,-0.595361,0.100210,-0.575361,0.100210,-0.575361,0,-5.536230,0.100210,0.085543,-0.575361,-0.600000,0.220000
1772476894,328458820,-0.763463,-2.095822,2.128616,0.127389,-0.647932,-2.076341,1,0.100258,-0.574495,0.100210,-0.575361,0.107543,-0.564246,0.107543,-0.564246,0,-5.246684,0.107543,0.092877,-0.555361,-0.595361,0.220000
1772476894,353460338,-0.764359,-2.093452,2.113745,0.125958,-0.649971,-2.091072,1,0.100507,-0.568028,0.107543,-0.564246,0.113622,-0.584246,0.113622,-0.584246,0,-5.142024,0.114877,0.100210,-0.544246,-0.584246,0.220000
1772476894,403689751,-0.766782,-2.089769,2.084779,0.125324,-0.654605,-2.119069,1,0.115062,-0.582274,0.113622,-0.584246,0.120955,-0.564246,0.120955,-0.564246,0,-4.592139,0.120955,0.106289,-0.564246,-0.600000,0.220000
1772476894,428816365,-0.768077,-2.087502,2.070361,0.123974,-0.656840,-2.133486,1,0.120679,-0.551891,0.120955,-0.564246,0.128289,-0.557899,0.128289,-0.557899,0,-4.348787,0.128289,0.113622,-0.544246,-0.584246,0.220000
1772476894,453869390,-0.769966,-2.085808,2.056201,0.123332,-0.659139,-2.147524,1,0.121299,-0.571396,0.128289,-0.557899,0.134928,-0.577899,0.134928,-0.577899,0,-4.283015,0.135622,0.120955,-0.537899,-0.577899,0.220000
1772476894,504033821,-0.772362,-2.079334,2.027921,0.118295,-0.663219,-2.174987,1,0.136170,-0.590131,0.134928,-0.577899,0.142262,-0.557899,0.142262,-0.557899,0,-3.696910,0.142262,0.127595,-0.557899,-0.597899,0.220000
1772476894,529014302,-0.774558,-2.075906,2.014058,0.116374,-0.666808,-2.188850,1,0.142678,-0.549988,0.142262,-0.557899,0.149595,-0.537899,0.149595,-0.537899,0,-3.527230,0.149595,0.134928,-0.537899,-0.577899,0.220000
1772476894,554231075,-0.775758,-2.072465,1.999844,0.113616,-0.669283,-2.203016,1,0.142484,-0.542468,0.149595,-0.537899,0.156928,-0.540206,0.156928,-0.540206,0,-3.442375,0.156928,0.142262,-0.517899,-0.557899,0.220000
1772476894,604376724,-0.779282,-2.068372,1.971574,0.109535,-0.672707,-2.230977,1,0.159514,-0.562063,0.156928,-0.540206,0.164262,-0.520206,0.164262,-0.520206,0,-2.944469,0.164262,0.149595,-0.520206,-0.560206,0.220000
1772476894,629408494,-0.780460,-2.063077,1.958084,0.105488,-0.676320,-2.244467,1,0.163955,-0.515354,0.164262,-0.520206,0.171595,-0.500206,0.171595,-0.500206,0,-2.813104,0.171595,0.156928,-0.500206,-0.540206,0.220000
1772476894,654584427,-0.781981,-2.059830,1.944470,0.103869,-0.679640,-2.257967,1,0.164506,-0.503783,0.171595,-0.500206,0.178928,-0.495457,0.178928,-0.495457,0,-2.769029,0.178928,0.164262,-0.480206,-0.520206,0.220000
1772476894,704747860,-0.782760,-2.052656,1.919662,0.101053,-0.686467,-2.282039,1,0.183675,-0.546757,0.178928,-0.495457,0.186262,-0.475457,0.186262,-0.475457,0,-2.466532,0.186262,0.171595,-0.475457,-0.515457,0.220000
1772476894,729706160,-0.785866,-2.048964,1.906577,0.099349,-0.690981,-2.295124,1,0.186476,-0.461772,0.186262,-0.475457,0.193595,-0.468793,0.193595,-0.468793,0,-2.421518,0.193595,0.178928,-0.455457,-0.495457,0.220000
1772476894,754894981,-0.787890,-2.045199,1.892906,0.097097,-0.695031,-2.308744,1,0.186362,-0.458014,0.193595,-0.468793,0.200928,-0.480705,0.200928,-0.480705,0,-2.392424,0.200928,0.186262,-0.448793,-0.488793,0.220000
1772476894,805035809,-0.790991,-2.034647,1.868363,0.089684,-0.705745,-2.332952,1,0.206914,-0.509444,0.200928,-0.480705,0.208262,-0.460705,0.208262,-0.460705,0,-2.135005,0.208262,0.193595,-0.460705,-0.500705,0.220000
1772476894,830038640,-0.792207,-2.030510,1.857626,0.086670,-0.708830,-2.343689,1,0.207727,-0.451451,0.208262,-0.460705,0.215595,-0.450170,0.215595,-0.450170,0,-2.088038,0.215595,0.200928,-0.440705,-0.480705,0.220000
1772476894,855203031,-0.793649,-2.025167,1.846072,0.082427,-0.712229,-2.355148,1,0.208078,-0.434076,0.215595,-0.450170,0.220000,-0.447921,0.220000,-0.447921,0,-2.036003,0.220000,0.208262,-0.430170,-0.470170,0.220000
1772476894,905347898,-0.795778,-2.015295,1.823542,0.073021,-0.715895,-2.377070,1,0.222712,-0.459928,0.220000,-0.447921,0.220000,-0.427921,0.220000,-0.427921,0,-1.778538,0.220000,0.212667,-0.427921,-0.467921,0.220000
1772476894,930452083,-0.797677,-2.011052,1.811738,0.070251,-0.719628,-2.388874,1,0.220219,-0.419586,0.220000,-0.427921,0.220000,-0.407921,0.220000,-0.407921,0,-1.746533,0.220000,0.212667,-0.407921,-0.447921,0.220000
1772476894,955590327,-0.798783,-2.005561,1.800974,0.065710,-0.723388,-2.399789,1,0.219868,-0.418241,0.220000,-0.407921,0.220000,-0.387921,0.220000,-0.387921,0,-1.706993,0.220000,0.212667,-0.387921,-0.427921,0.220000
1772476895,5700140,-0.801123,-1.995302,1.780592,0.056030,-0.731117,-2.421125,1,0.219713,-0.389387,0.220000,-0.387921,0.220000,-0.367921,0.220000,-0.367921,0,-1.628383,0.220000,0.212667,-0.367921,-0.407921,0.220000
1772476895,30773318,-0.803135,-1.989420,1.770367,0.051883,-0.735747,-2.431350,1,0.219702,-0.353810,0.220000,-0.367921,0.220000,-0.353929,0.220000,-0.353929,0,-1.608770,0.220000,0.212667,-0.347921,-0.387921,0.220000
1772476895,55836900,-0.804330,-1.984588,1.760161,0.048371,-0.738967,-2.441248,1,0.219658,-0.345304,0.220000,-0.353929,0.220000,-0.346309,0.220000,-0.346309,0,-1.574132,0.220000,0.212667,-0.333929,-0.373929,0.220000
1772476895,106009306,-0.805076,-1.974533,1.743004,0.040748,-0.743362,-2.456408,1,0.220104,-0.349310,0.220000,-0.346309,0.220000,-0.328089,0.220000,-0.328089,0,-1.491312,0.220000,0.212667,-0.326309,-0.366309,0.220000
1772476895,131147156,-0.806989,-1.969805,1.734385,0.037567,-0.747349,-2.465027,1,0.220423,-0.323285,0.220000,-0.328089,0.220000,-0.325301,0.220000,-0.325301,0,-1.478640,0.220000,0.212667,-0.308089,-0.348089,0.220000
1772476895,156245761,-0.807413,-1.963677,1.726267,0.032353,-0.751059,-2.473309,1,0.219445,-0.313387,0.220000,-0.325301,0.220000,-0.319329,0.220000,-0.319329,0,-1.451496,0.220000,0.212667,-0.305301,-0.345301,0.220000
1772476895,206407685,-0.808760,-1.953917,1.708652,0.023982,-0.759097,-2.491956,1,0.220023,-0.307802,0.220000,-0.319329,0.220000,-0.307713,0.220000,-0.307713,0,-1.398694,0.220000,0.212667,-0.299329,-0.339329,0.220000
1772476895,231492918,-0.810163,-1.949660,1.700890,0.020957,-0.762405,-2.499718,1,0.220065,-0.298643,0.220000,-0.307713,0.220000,-0.303949,0.220000,-0.303949,0,-1.381585,0.220000,0.212667,-0.287713,-0.327713,0.220000
1772476895,256601978,-0.811358,-1.941781,1.693064,0.015210,-0.767474,-2.507343,1,0.219616,-0.298784,0.220000,-0.303949,0.220000,-0.302437,0.220000,-0.302437,0,-1.374712,0.220000,0.212667,-0.283949,-0.323949,0.220000
1772476895,306800791,-0.813179,-1.931117,1.677166,0.010116,-0.775332,-2.522003,1,0.220050,-0.322334,0.220000,-0.302437,0.220000,-0.301479,0.220000,-0.301479,0,-1.370358,0.220000,0.212667,-0.282437,-0.322437,0.220000
1772476895,331792807,-0.813668,-1.925669,1.669991,0.005610,-0.778432,-2.529178,1,0.220175,-0.298489,0.220000,-0.301479,0.220000,-0.295157,0.220000,-0.295157,0,-1.341622,0.220000,0.212667,-0.281479,-0.321479,0.220000
1772476895,356926739,-0.814925,-1.920417,1.662472,0.001880,-0.783380,-2.536948,1,0.219818,-0.273739,0.220000,-0.295157,0.220000,-0.296309,0.220000,-0.296309,0,-1.346860,0.220000,0.212667,-0.275157,-0.315157,0.220000
1772476895,382059280,-0.815504,-1.915643,1.655155,-0.000579,-0.794190,-2.545836,1,0.220458,-0.294001,0.220000,-0.296309,0.218603,-0.316309,0.218603,-0.316309,0,-1.446958,0.220000,0.212667,-0.276309,-0.316309,0.220000
1772476895,432250754,-0.816838,-1.905500,1.639947,-0.008771,-0.800317,-2.561044,1,0.218140,-0.320454,0.218603,-0.316309,0.220000,-0.309738,0.220000,-0.309738,0,-1.407901,0.220000,0.211269,-0.296309,-0.336309,0.220000
1772476895,457206818,-0.817232,-1.899339,1.631974,-0.014489,-0.803448,-2.568565,1,0.218591,-0.315899,0.220000,-0.309738,0.220000,-0.299998,0.220000,-0.299998,0,-1.363629,0.220000,0.212667,-0.289738,-0.329738,0.220000
1772476895,507376123,-0.818481,-1.888008,1.615850,-0.027248,-0.808632,-2.581747,1,0.220648,-0.296217,0.220000,-0.299998,0.220000,-0.279998,0.220000,-0.279998,0,-1.253988,0.220000,0.212667,-0.279998,-0.319998,0.220000
1772476895,532503932,-0.818241,-1.884210,1.608541,-0.030672,-0.810292,-2.589056,1,0.220213,-0.274391,0.220000,-0.279998,0.220000,-0.266206,0.220000,-0.266206,0,-1.210025,0.220000,0.212667,-0.259998,-0.299998,0.220000
1772476895,557507311,-0.819229,-1.878536,1.600719,-0.034946,-0.814435,-2.596324,1,0.219681,-0.279932,0.220000,-0.266206,0.220000,-0.264542,0.220000,-0.264542,0,-1.202463,0.220000,0.212667,-0.246206,-0.286206,0.220000
1772476895,607687577,-0.819787,-1.867041,1.586138,-0.043488,-0.823862,-2.607231,1,0.219802,-0.251372,0.220000,-0.264542,0.220000,-0.268666,0.220000,-0.268666,0,-1.221210,0.220000,0.212667,-0.244542,-0.284542,0.220000
1772476895,632693011,-0.820207,-1.861381,1.579473,-0.048193,-0.827035,-2.613897,1,0.219842,-0.267276,0.220000,-0.268666,0.220000,-0.262900,0.220000,-0.262900,0,-1.194998,0.220000,0.212667,-0.248666,-0.288666,0.220000
1772476895,657908504,-0.820324,-1.855794,1.573041,-0.052826,-0.829681,-2.621014,1,0.220123,-0.260637,0.220000,-0.262900,0.220000,-0.254562,0.220000,-0.254562,0,-1.157098,0.220000,0.212667,-0.242900,-0.282900,0.220000
1772476895,708049043,-0.820454,-1.843351,1.559496,-0.062571,-0.834441,-2.639013,1,0.219971,-0.265793,0.220000,-0.254562,0.220000,-0.234562,0.220000,-0.234562,0,-1.049238,0.220000,0.212667,-0.234562,-0.274562,0.220000
1772476895,733002683,-0.820582,-1.838401,1.552631,-0.066819,-0.836986,-2.645877,1,0.219734,-0.237236,0.220000,-0.234562,0.220000,-0.223854,0.220000,-0.223854,0,-1.017520,0.220000,0.212667,-0.214562,-0.254562,0.220000
1772476895,758201266,-0.820468,-1.832537,1.546714,-0.072213,-0.840356,-2.651763,1,0.219701,-0.223153,0.220000,-0.223854,0.220000,-0.218729,0.220000,-0.218729,0,-0.994224,0.220000,0.212667,-0.203854,-0.243854,0.220000
1772476895,808356514,-0.820097,-1.821791,1.534873,-0.083266,-0.849165,-2.663398,1,0.219877,-0.202764,0.220000,-0.218729,0.220000,-0.215244,0.220000,-0.215244,0,-0.978381,0.220000,0.212667,-0.198729,-0.238729,0.220000
1772476895,833391795,-0.819616,-1.816190,1.529131,-0.088379,-0.851501,-2.669140,1,0.220057,-0.217181,0.220000,-0.215244,0.220000,-0.206800,0.220000,-0.206800,0,-0.939999,0.220000,0.212667,-0.195244,-0.235244,0.220000
1772476895,858414315,-0.819370,-1.810699,1.523957,-0.093282,-0.853987,-2.674314,1,0.219890,-0.205601,0.220000,-0.206800,0.220000,-0.200436,0.220000,-0.200436,0,-0.911072,0.220000,0.212667,-0.186800,-0.226800,0.220000
1772476895,908545610,-0.819106,-1.799702,1.511686,-0.101914,-0.858382,-2.684041,1,0.219916,-0.195465,0.220000,-0.200436,0.220000,-0.188086,0.220000,-0.188086,0,-0.854937,0.220000,0.212667,-0.180436,-0.220436,0.220000
1772476895,933629555,-0.819130,-1.793296,1.505874,-0.107472,-0.861567,-2.689854,1,0.219551,-0.194370,0.220000,-0.188086,0.220000,-0.182662,0.220000,-0.182662,0,-0.830283,0.220000,0.212667,-0.168086,-0.208086,0.220000
1772476895,958896392,-0.819303,-1.788424,1.500374,-0.111623,-0.864125,-2.695353,1,0.220065,-0.200578,0.220000,-0.182662,0.220000,-0.176512,0.220000,-0.176512,0,-0.802326,0.220000,0.212667,-0.162662,-0.202662,0.220000
1772476896,8928621,-0.817759,-1.776644,1.492712,-0.122502,-0.869145,-2.702789,1,0.219613,-0.174443,0.220000,-0.176512,0.220000,-0.166109,0.220000,-0.166109,0,-0.755040,0.220000,0.212667,-0.156512,-0.196512,0.220000
1772476896,34042923,-0.818028,-1.771069,1.488576,-0.126366,-0.875821,-2.705389,1,0.220168,-0.177285,0.220000,-0.166109,0.220000,-0.179415,0.220000,-0.179415,0,-0.815521,0.220000,0.212667,-0.146109,-0.186109,0.220000
1772476896,59028112,-0.817338,-1.763748,1.483745,-0.133067,-0.878850,-2.710221,1,0.219999,-0.182694,0.220000,-0.179415,0.220000,-0.172066,0.220000,-0.172066,0,-0.782117,0.220000,0.212667,-0.159415,-0.199415,0.220000
1772476896,84200268,-0.817952,-1.760916,1.478253,-0.135222,-0.880786,-2.715712,1,0.220182,-0.185294,0.220000,-0.172066,0.220000,-0.167995,0.220000,-0.167995,0,-0.763614,0.220000,0.212667,-0.152066,-0.192066,0.220000
1772476896,134245443,-0.816012,-1.748116,1.469188,-0.147302,-0.885443,-2.724777,1,0.220150,-0.158152,0.220000,-0.167995,0.220000,-0.151334,0.220000,-0.151334,0,-0.687883,0.220000,0.212667,-0.147995,-0.187995,0.220000
1772476896,159427695,-0.816255,-1.742660,1.464955,-0.151872,-0.887875,-2.728962,1,0.219638,-0.162086,0.220000,-0.151334,0.220000,-0.147050,0.220000,-0.147050,0,-0.668408,0.220000,0.212667,-0.131334,-0.171334,0.220000
1772476896,209467550,-0.815479,-1.731433,1.456616,-0.161674,-0.889440,-2.736972,1,0.220229,-0.152018,0.220000,-0.147050,0.220000,-0.127050,0.220000,-0.127050,0,-0.563546,0.220000,0.212667,-0.127050,-0.167050,0.220000
1772476896,234623438,-0.814469,-1.725428,1.452335,-0.167389,-0.891541,-2.741253,1,0.220220,-0.123376,0.220000,-0.127050,0.220000,-0.115712,0.220000,-0.115712,0,-0.525963,0.220000,0.212667,-0.107050,-0.147050,0.220000
1772476896,259639129,-0.813275,-1.721049,1.449420,-0.171784,-0.892675,-2.744167,1,0.219780,-0.111904,0.220000,-0.115712,0.220000,-0.108391,0.220000,-0.108391,0,-0.492688,0.220000,0.212667,-0.095712,-0.135712,0.220000
1772476896,309842632,-0.811430,-1.709762,1.443742,-0.182501,-0.896669,-2.749846,1,0.220136,-0.109870,0.220000,-0.108391,0.220000,-0.095893,0.220000,-0.095893,0,-0.435878,0.220000,0.212667,-0.088391,-0.128391,0.220000
1772476896,334829132,-0.811989,-1.704864,1.440888,-0.185841,-0.899339,-2.752582,1,0.219747,-0.099588,0.220000,-0.095893,0.220000,-0.096333,0.220000,-0.096333,0,-0.437879,0.220000,0.212667,-0.075893,-0.115893,0.220000
1772476896,359892120,-0.810818,-1.699430,1.437734,-0.186511,-0.899244,-2.754882,1,0.219890,-0.087770,0.220000,-0.096333,0.220000,-0.091537,0.220000,-0.091537,0,-0.416078,0.220000,0.212667,-0.076333,-0.116333,0.220000
1772476896,410075653,-0.809472,-1.689003,1.433090,-0.196229,-0.903255,-2.759526,1,0.219945,-0.095580,0.220000,-0.091537,0.220000,-0.082479,0.220000,-0.082479,0,-0.374902,0.220000,0.212667,-0.071537,-0.111537,0.220000
1772476896,435101551,-0.809599,-1.683368,1.430221,-0.201057,-0.906164,-2.762395,1,0.220464,-0.069137,0.220000,-0.082479,0.220000,-0.080543,0.220000,-0.080543,0,-0.366105,0.220000,0.212667,-0.062479,-0.102479,0.220000
1772476896,460182553,-0.807368,-1.677991,1.428397,-0.206832,-0.906899,-2.764219,1,0.220287,-0.076852,0.220000,-0.080543,0.220000,-0.070416,0.220000,-0.070416,0,-0.320071,0.220000,0.212667,-0.060543,-0.100543,0.220000
1772476896,510309256,-0.806165,-1.665600,1.423531,-0.218348,-0.912416,-2.769239,1,0.220195,-0.081328,0.220000,-0.070416,0.220000,-0.063169,0.220000,-0.063169,0,-0.287131,0.220000,0.212667,-0.050416,-0.090416,0.220000
1772476896,535444759,-0.805069,-1.660538,1.421292,-0.224528,-0.917054,-2.772641,1,0.220115,-0.056196,0.220000,-0.063169,0.220000,-0.064461,0.220000,-0.064461,0,-0.293003,0.220000,0.212667,-0.043169,-0.083169,0.220000
1772476896,560475640,-0.804187,-1.654828,1.419442,-0.229925,-0.919118,-2.774491,1,0.219543,-0.068436,0.220000,-0.064461,0.220000,-0.060323,0.220000,-0.060323,0,-0.274196,0.220000,0.212667,-0.044461,-0.084461,0.220000
1772476896,585585187,-0.803263,-1.650240,1.418107,-0.234367,-0.920589,-2.775825,1,0.220134,-0.055497,0.220000,-0.060323,0.220000,-0.055406,0.220000,-0.055406,0,-0.251845,0.220000,0.212667,-0.040323,-0.080323,0.220000
1772476896,635611300,-0.801923,-1.636641,1.415315,-0.246844,-0.926164,-2.778617,1,0.220455,-0.045367,0.220000,-0.055406,0.220000,-0.049558,0.220000,-0.049558,0,-0.225264,0.220000,0.212667,-0.035406,-0.075406,0.220000
1772476896,660696440,-0.801558,-1.632066,1.413037,-0.250998,-0.928114,-2.780895,1,0.219816,-0.049666,0.220000,-0.049558,0.220000,-0.046337,0.220000,-0.046337,0,-0.210624,0.220000,0.212667,-0.029558,-0.069558,0.220000
1772476896,710934816,-0.799853,-1.621325,1.410169,-0.260816,-0.931816,-2.784095,1,0.220194,-0.053612,0.220000,-0.046337,0.220000,-0.037680,0.220000,-0.037680,0,-0.171272,0.220000,0.212667,-0.026337,-0.066337,0.220000
1772476896,735909849,-0.798887,-1.615959,1.409153,-0.263239,-0.932554,-2.787645,1,0.220144,-0.027034,0.220000,-0.037680,0.220000,-0.031269,0.220000,-0.031269,0,-0.142133,0.220000,0.212667,-0.017680,-0.057680,0.220000
1772476896,760994006,-0.798418,-1.609202,1.407911,-0.269348,-0.935478,-2.788887,1,0.220191,-0.028832,0.220000,-0.031269,0.220000,-0.029244,0.220000,-0.029244,0,-0.132929,0.220000,0.212667,-0.011269,-0.051269,0.220000
1772476896,811171535,-0.796033,-1.600533,1.405471,-0.278066,-0.937677,-2.791327,1,0.220010,-0.029646,0.220000,-0.029244,0.220000,-0.018260,0.220000,-0.018260,0,-0.082998,0.220000,0.212667,-0.009244,-0.049244,0.220000
1772476896,836071997,-0.795056,-1.595007,1.404559,-0.283355,-0.939552,-2.792239,1,0.219800,-0.022123,0.220000,-0.018260,0.220000,-0.014478,0.220000,-0.014478,0,-0.065810,0.220000,0.212667,0.001740,-0.038260,0.220000
1772476896,861192844,-0.794221,-1.589172,1.404452,-0.288844,-0.941703,-2.792346,1,0.219761,-0.005612,0.220000,-0.014478,0.220000,-0.012272,0.220000,-0.012272,0,-0.055780,0.220000,0.212667,0.005522,-0.034478,0.220000
1772476896,911390474,-0.792430,-1.577731,1.403831,-0.299680,-0.945785,-2.792967,1,0.219568,-0.010137,0.220000,-0.012272,0.220000,-0.006833,0.220000,-0.006833,0,-0.031060,0.220000,0.212667,0.007728,-0.032272,0.220000
1772476896,936522739,-0.791641,-1.572998,1.402776,-0.304212,-0.947921,-2.794207,1,0.219850,-0.011219,0.220000,-0.006833,0.220000,-0.004531,0.220000,-0.004531,0,-0.020597,0.220000,0.212667,0.013167,-0.026833,0.220000
1772476896,961472059,-0.790783,-1.566694,1.401526,-0.310322,-0.954049,-2.796896,1,0.220160,-0.003129,0.220000,-0.004531,0.220000,-0.012083,0.220000,-0.012083,0,-0.054921,0.220000,0.212667,0.015469,-0.024531,0.220000
1772476896,986537337,-0.789984,-1.562170,1.401138,-0.314654,-0.955578,-2.797283,1,0.220039,-0.006566,0.220000,-0.012083,0.220000,-0.009266,0.220000,-0.009266,0,-0.042116,0.220000,0.212667,0.007917,-0.032083,0.220000
1772476897,36646811,-0.787767,-1.550357,1.400391,-0.326032,-0.959455,-2.798031,1,0.220264,-0.007201,0.220000,-0.009266,0.220000,-0.001699,0.220000,-0.001699,0,-0.007721,0.220000,0.212667,0.010734,-0.029266,0.220000
1772476897,61826104,-0.786862,-1.544730,1.399840,-0.331377,-0.961433,-2.798582,1,0.219864,-0.014708,0.220000,-0.001699,0.220000,0.001466,0.220000,0.001466,0,0.006662,0.220000,0.212667,0.018301,-0.021699,0.220000
1772476897,86807635,-0.786281,-1.538680,1.398884,-0.336931,-0.963902,-2.799538,1,0.220452,0.004489,0.220000,0.001466,0.220000,0.003968,0.220000,0.003968,0,0.018038,0.220000,0.212667,0.021466,-0.018534,0.220000
1772476897,136893085,-0.783911,-1.529374,1.397743,-0.346200,-0.966413,-2.800679,1,0.220250,0.007643,0.220000,0.003968,0.220000,0.013256,0.220000,0.013256,0,0.060252,0.220000,0.212667,0.023968,-0.016032,0.220000
1772476897,161926243,-0.783406,-1.522302,1.397223,-0.352933,-0.969490,-2.801497,1,0.219540,0.002236,0.220000,0.013256,0.220000,0.015170,0.220000,0.015170,0,0.068953,0.220000,0.212667,0.033256,-0.006744,0.220000
1772476897,187161293,-0.782117,-1.518624,1.397068,-0.359726,-0.970531,-2.804331,1,0.219936,0.006228,0.220000,0.015170,0.220000,0.027835,0.220000,0.027835,0,0.126521,0.220000,0.212667,0.035170,-0.004830,0.220000
1772476897,237222565,-0.780215,-1.507274,1.396887,-0.370556,-0.974423,-2.804513,1,0.220269,0.035252,0.220000,0.027835,0.220000,0.033791,0.220000,0.033791,0,0.153595,0.220000,0.212667,0.047835,0.007835,0.220000
1772476897,262162721,-0.779763,-1.502831,1.396995,-0.374653,-0.976202,-2.804404,1,0.219690,0.033455,0.220000,0.033791,0.220000,0.034548,0.220000,0.034548,0,0.157036,0.220000,0.212667,0.053791,0.013791,0.220000
1772476897,312336132,-0.777601,-1.491779,1.399618,-0.385350,-0.979721,-2.801781,1,0.220095,0.044761,0.220000,0.034548,0.220000,0.038070,0.220000,0.038070,0,0.173044,0.220000,0.212667,0.054548,0.014548,0.220000
1772476897,337345533,-0.777045,-1.487208,1.400503,-0.389609,-0.981471,-2.800896,1,0.219980,0.036210,0.220000,0.038070,0.220000,0.038363,0.220000,0.038363,0,0.174377,0.220000,0.212667,0.058070,0.018070,0.220000
1772476897,362523448,-0.775796,-1.481268,1.401774,-0.395401,-0.983287,-2.799625,1,0.219742,0.038839,0.220000,0.038363,0.220000,0.040646,0.220000,0.040646,0,0.184756,0.220000,0.212667,0.058363,0.018363,0.220000
1772476897,387478476,-0.775273,-1.475090,1.401998,-0.401046,-0.985851,-2.799401,1,0.220662,0.029667,0.220000,0.040646,0.220000,0.041556,0.220000,0.041556,0,0.188890,0.220000,0.212667,0.060646,0.020646,0.220000
1772476897,437630404,-0.773517,-1.465971,1.403236,-0.408689,-0.990450,-2.800607,1,0.219439,0.040189,0.220000,0.041556,0.220000,0.040377,0.220000,0.040377,0,0.183530,0.220000,0.212667,0.061556,0.021556,0.220000
1772476897,462639221,-0.771417,-1.461578,1.404524,-0.413549,-0.990755,-2.799318,1,0.220008,0.050767,0.220000,0.040377,0.220000,0.046778,0.220000,0.046778,0,0.212628,0.220000,0.212667,0.060377,0.020377,0.220000
1772476897,487685323,-0.772192,-1.455309,1.404910,-0.418647,-0.994483,-2.798932,1,0.219944,0.048658,0.220000,0.046778,0.220000,0.042193,0.220000,0.042193,0,0.191785,0.220000,0.212667,0.066778,0.026778,0.220000
1772476897,537829053,-0.770237,-1.444362,1.407188,-0.429161,-0.998107,-2.796654,1,0.220270,0.046938,0.220000,0.042193,0.220000,0.045568,0.220000,0.045568,0,0.207126,0.220000,0.212667,0.062193,0.022193,0.220000
1772476897,562906171,-0.769354,-1.438703,1.408309,-0.434533,-1.000091,-2.795533,1,0.219853,0.043269,0.220000,0.045568,0.220000,0.046825,0.220000,0.046825,0,0.212843,0.220000,0.212667,0.065568,0.025568,0.220000
1772476897,587906283,-0.768378,-1.433977,1.408661,-0.439137,-1.001539,-2.795181,1,0.220028,0.049410,0.220000,0.046825,0.220000,0.049744,0.220000,0.049744,0,0.226110,0.220000,0.212667,0.066825,0.026825,0.220000
1772476897,638119144,-0.766667,-1.421908,1.410819,-0.449978,-1.006121,-2.792919,1,0.220587,0.044065,0.220000,0.049744,0.220000,0.050415,0.220000,0.050415,0,0.229160,0.220000,0.212667,0.069744,0.029744,0.220000
1772476897,663139173,-0.765602,-1.417190,1.411981,-0.449815,-1.009283,-2.790823,1,0.220158,0.052376,0.220000,0.050415,0.220000,0.035928,0.220000,0.035928,0,0.163308,0.220000,0.212667,0.070415,0.030415,0.220000
1772476897,688148792,-0.763983,-1.411367,1.413274,-0.455688,-1.010710,-2.789530,1,0.219966,0.040727,0.220000,0.035928,0.220000,0.040024,0.220000,0.040024,0,0.181929,0.220000,0.212667,0.055928,0.015928,0.220000
1772476897,738239450,-0.762824,-1.400730,1.414474,-0.465539,-1.014887,-2.788331,1,0.220104,0.048359,0.220000,0.040024,0.220000,0.041848,0.220000,0.041848,0,0.190218,0.220000,0.212667,0.060024,0.020024,0.220000
1772476897,763297716,-0.761891,-1.396146,1.414618,-0.469996,-1.016309,-2.788186,1,0.219926,0.043533,0.220000,0.041848,0.220000,0.044869,0.220000,0.044869,0,0.203948,0.220000,0.212667,0.061848,0.021848,0.220000
1772476897,788348728,-0.760763,-1.391522,1.414981,-0.474583,-1.017579,-2.787824,1,0.219741,0.043294,0.220000,0.044869,0.220000,0.048388,0.220000,0.048388,0,0.219946,0.220000,0.212667,0.064869,0.024869,0.220000
1772476897,838472472,-0.759456,-1.379582,1.416543,-0.485643,-1.022264,-2.786261,1,0.220320,0.051631,0.220000,0.048388,0.220000,0.050423,0.220000,0.050423,0,0.229197,0.220000,0.212667,0.068388,0.028388,0.220000
1772476897,863500580,-0.758202,-1.373714,1.417396,-0.491378,-1.024031,-2.785409,1,0.219882,0.050225,0.220000,0.050423,0.220000,0.053749,0.220000,0.053749,0,0.244314,0.220000,0.212667,0.070423,0.030423,0.220000
1772476897,888562800,-0.757375,-1.368542,1.418619,-0.496098,-1.025852,-2.784012,1,0.220615,0.042073,0.220000,0.053749,0.220000,0.054329,0.220000,0.054329,0,0.246950,0.220000,0.212667,0.073749,0.033749,0.220000
1772476897,938656745,-0.757137,-1.357052,1.420372,-0.504215,-1.031470,-2.780501,1,0.219730,0.055663,0.220000,0.054329,0.220000,0.044832,0.220000,0.044832,0,0.203781,0.220000,0.212667,0.074329,0.034329,0.220000
1772476897,963728286,-0.756333,-1.351716,1.421684,-0.509262,-1.033380,-2.779188,1,0.220247,0.049614,0.220000,0.044832,0.220000,0.045956,0.220000,0.045956,0,0.208891,0.220000,0.212667,0.064832,0.024832,0.220000
1772476897,988771510,-0.754927,-1.346287,1.422197,-0.514684,-1.034812,-2.778676,1,0.219681,0.045464,0.220000,0.045956,0.220000,0.050393,0.220000,0.050393,0,0.229059,0.220000,0.212667,0.065956,0.025956,0.220000
1772476898,39012058,-0.753667,-1.334366,1.423730,-0.525696,-1.039549,-2.777143,1,0.220106,0.053968,0.220000,0.050393,0.220000,0.052621,0.220000,0.052621,0,0.239184,0.220000,0.212667,0.070393,0.030393,0.220000
1772476898,63891140,-0.753663,-1.330750,1.424368,-0.528851,-1.041315,-2.776504,1,0.220091,0.051691,0.220000,0.052621,0.220000,0.051530,0.220000,0.051530,0,0.234227,0.220000,0.212667,0.072621,0.032621,0.220000
1772476898,88964133,-0.751830,-1.324471,1.425802,-0.535223,-1.042790,-2.775071,1,0.219743,0.052205,0.220000,0.051530,0.220000,0.056549,0.220000,0.056549,0,0.257039,0.220000,0.212667,0.071530,0.031530,0.220000
1772476898,139069142,-0.751069,-1.314069,1.427564,-0.544735,-1.047224,-2.773454,1,0.220716,0.055297,0.220000,0.056549,0.220000,0.057036,0.220000,0.057036,0,0.259255,0.220000,0.212667,0.076549,0.036549,0.220000
1772476898,164078945,-0.749380,-1.307248,1.428190,-0.552230,-1.049128,-2.774356,1,0.220259,0.058323,0.220000,0.057036,0.220000,0.065987,0.220000,0.065987,0,0.299940,0.220000,0.212667,0.077036,0.037036,0.220000
1772476898,189183663,-0.749278,-1.302696,1.428917,-0.556254,-1.051261,-2.773630,1,0.220145,0.064259,0.220000,0.065987,0.220000,0.065279,0.220000,0.065279,0,0.296721,0.220000,0.212667,0.085987,0.045987,0.220000
1772476898,239280350,-0.747103,-1.291818,1.432588,-0.566810,-1.054671,-2.769959,1,0.219705,0.072253,0.220000,0.065279,0.220000,0.068845,0.220000,0.068845,0,0.312930,0.220000,0.212667,0.085279,0.045279,0.220000
1772476898,264317660,-0.747758,-1.287472,1.434440,-0.570284,-1.057364,-2.768107,1,0.219961,0.062909,0.220000,0.068845,0.220000,0.063683,0.220000,0.063683,0,0.289466,0.220000,0.212667,0.088845,0.048845,0.220000
1772476898,289382483,-0.746149,-1.282244,1.436509,-0.575632,-1.058511,-2.766037,1,0.219792,0.064813,0.220000,0.063683,0.220000,0.067344,0.220000,0.067344,0,0.306110,0.220000,0.212667,0.083683,0.043683,0.220000
1772476898,339492235,-0.744149,-1.270202,1.439856,-0.587119,-1.062643,-2.762690,1,0.219368,0.078685,0.220000,0.067344,0.220000,0.070879,0.220000,0.070879,0,0.322179,0.220000,0.212667,0.087344,0.047344,0.220000
1772476898,364511011,-0.744726,-1.264901,1.440908,-0.591464,-1.065733,-2.761639,1,0.219651,0.064863,0.220000,0.070879,0.220000,0.067224,0.220000,0.067224,0,0.305563,0.220000,0.212667,0.090879,0.050879,0.220000
1772476898,389564768,-0.743586,-1.260260,1.442748,-0.595911,-1.066950,-2.760062,1,0.220545,0.077011,0.220000,0.067224,0.220000,0.069728,0.220000,0.069728,0,0.316947,0.220000,0.212667,0.087224,0.047224,0.220000
1772476898,439656795,-0.741895,-1.248347,1.446348,-0.605406,-1.070673,-2.759365,1,0.219754,0.075310,0.220000,0.069728,0.220000,0.074609,0.220000,0.074609,0,0.339132,0.220000,0.212667,0.089728,0.049728,0.220000
1772476898,464711190,-0.742224,-1.243225,1.448159,-0.609724,-1.073447,-2.757554,1,0.219714,0.074762,0.220000,0.074609,0.220000,0.071124,0.220000,0.071124,0,0.323291,0.220000,0.212667,0.094609,0.054609,0.220000
1772476898,489700880,-0.741110,-1.238328,1.449864,-0.614546,-1.074849,-2.755849,1,0.221037,0.076144,0.220000,0.071124,0.220000,0.073683,0.220000,0.073683,0,0.334922,0.220000,0.212667,0.091124,0.051124,0.220000
1772476898,539838643,-0.739832,-1.227469,1.453353,-0.624662,-1.079001,-2.752361,1,0.220216,0.066619,0.220000,0.073683,0.220000,0.074980,0.220000,0.074980,0,0.340818,0.220000,0.212667,0.093683,0.053683,0.220000
1772476898,564874333,-0.739456,-1.221718,1.454943,-0.629873,-1.081463,-2.750770,1,0.219698,0.080324,0.220000,0.074980,0.220000,0.074820,0.220000,0.074820,0,0.340089,0.220000,0.212667,0.094980,0.054980,0.220000
1772476898,589917527,-0.739887,-1.215724,1.455948,-0.634904,-1.084749,-2.749765,1,0.220783,0.078226,0.220000,0.074820,0.220000,0.072349,0.220000,0.072349,0,0.328858,0.220000,0.212667,0.094820,0.054820,0.220000
1772476898,640115940,-0.737815,-1.205932,1.460166,-0.644407,-1.088151,-2.745557,1,0.219751,0.071218,0.220000,0.072349,0.220000,0.074406,0.220000,0.074406,0,0.338210,0.220000,0.212667,0.092349,0.052349,0.220000
1772476898,665174341,-0.736822,-1.199498,1.462261,-0.649772,-1.095729,-2.743575,1,0.219970,0.061175,0.220000,0.074406,0.220000,0.056553,0.220000,0.056553,0,0.257061,0.220000,0.212667,0.094406,0.054406,0.220000
1772476898,690128181,-0.736353,-1.195051,1.463728,-0.653889,-1.097476,-2.742108,1,0.220754,0.062045,0.220000,0.056553,0.220000,0.057128,0.220000,0.057128,0,0.259672,0.220000,0.212667,0.076553,0.036553,0.220000
1772476898,740183084,-0.736018,-1.183738,1.466588,-0.663943,-1.102672,-2.739247,1,0.219437,0.055696,0.220000,0.057128,0.220000,0.056217,0.220000,0.056217,0,0.255531,0.220000,0.212667,0.077128,0.037128,0.220000
1772476898,765210865,-0.734948,-1.177772,1.467841,-0.669679,-1.104631,-2.737995,1,0.220034,0.054934,0.220000,0.056217,0.220000,0.060154,0.220000,0.060154,0,0.273429,0.220000,0.212667,0.076217,0.036217,0.220000
1772476898,790240521,-0.734312,-1.172755,1.469046,-0.674375,-1.106509,-2.736790,1,0.220557,0.068118,0.220000,0.060154,0.220000,0.062054,0.220000,0.062054,0,0.282065,0.220000,0.212667,0.080154,0.040154,0.220000
1772476898,840351018,-0.733468,-1.162667,1.472150,-0.683605,-1.110665,-2.733686,1,0.219563,0.060000,0.220000,0.062054,0.220000,0.063273,0.220000,0.063273,0,0.287603,0.220000,0.212667,0.082054,0.042054,0.220000
1772476898,865409422,-0.733405,-1.156663,1.473404,-0.688886,-1.113523,-2.732431,1,0.219981,0.061606,0.220000,0.063273,0.220000,0.063391,0.220000,0.063391,0,0.288139,0.220000,0.212667,0.083273,0.043273,0.220000
1772476898,890434736,-0.732775,-1.151191,1.474549,-0.693430,-1.115800,-2.731100,1,0.220496,0.068157,0.220000,0.063391,0.220000,0.063734,0.220000,0.063734,0,0.289700,0.220000,0.212667,0.083391,0.043391,0.220000
1772476898,940541417,-0.731521,-1.139774,1.477589,-0.697237,-1.122418,-2.725744,1,0.219690,0.066408,0.220000,0.063734,0.220000,0.043734,0.220000,0.043734,0,0.191502,0.220000,0.212667,0.083734,0.043734,0.220000
1772476898,965566926,-0.731090,-1.133985,1.478841,-0.702502,-1.124863,-2.724491,1,0.219970,0.040878,0.220000,0.043734,0.220000,0.043962,0.220000,0.043962,0,0.199825,0.220000,0.212667,0.063734,0.023734,0.220000
1772476898,990651614,-0.730756,-1.129275,1.480088,-0.706777,-1.126866,-2.723244,1,0.219879,0.047545,0.220000,0.043962,0.220000,0.044921,0.220000,0.044921,0,0.204187,0.220000,0.212667,0.063962,0.023962,0.220000
1772476899,40763549,-0.729600,-1.117173,1.482395,-0.717908,-1.131755,-2.720938,1,0.219442,0.042028,0.220000,0.044921,0.220000,0.050139,0.220000,0.050139,0,0.227906,0.220000,0.212667,0.064921,0.024921,0.220000
1772476899,65739723,-0.728770,-1.113394,1.483372,-0.721613,-1.132872,-2.719960,1,0.219982,0.050444,0.220000,0.050139,0.220000,0.053837,0.220000,0.053837,0,0.244714,0.220000,0.212667,0.070139,0.030139,0.220000
1772476899,91059657,-0.728902,-1.107408,1.484111,-0.726775,-1.135905,-2.719222,1,0.219707,0.050814,0.220000,0.053837,0.220000,0.054338,0.220000,0.054338,0,0.246991,0.220000,0.212667,0.073837,0.033837,0.220000
1772476899,140882598,-0.727543,-1.095564,1.486956,-0.737876,-1.140325,-2.716216,1,0.219683,0.060264,0.220000,0.054338,0.220000,0.061389,0.220000,0.061389,0,0.279040,0.220000,0.212667,0.074338,0.034338,0.220000
1772476899,166247598,-0.727918,-1.091380,1.488333,-0.742573,-1.140583,-2.712788,1,0.219556,0.053049,0.220000,0.061389,0.220000,0.066940,0.220000,0.066940,0,0.304273,0.220000,0.212667,0.081389,0.041389,0.220000
1772476899,190986354,-0.727384,-1.085227,1.488879,-0.748200,-1.143128,-2.712241,1,0.219881,0.063076,0.220000,0.066940,0.220000,0.071387,0.220000,0.071387,0,0.324485,0.220000,0.212667,0.086940,0.046940,0.220000
1772476899,241091614,-0.725656,-1.075264,1.492432,-0.757735,-1.146496,-2.708689,1,0.220202,0.071228,0.220000,0.071387,0.220000,0.078708,0.220000,0.078708,0,0.357765,0.220000,0.212667,0.091387,0.051387,0.220000
1772476899,266113788,-0.726804,-1.068455,1.493732,-0.763111,-1.150829,-2.707388,1,0.219417,0.075100,0.220000,0.078708,0.220000,0.075720,0.220000,0.075720,0,0.344183,0.220000,0.212667,0.098708,0.058708,0.220000
1772476899,291133471,-0.725302,-1.062793,1.496056,-0.768784,-1.152289,-2.705064,1,0.219950,0.086438,0.220000,0.075720,0.220000,0.082321,0.220000,0.082321,0,0.374187,0.220000,0.212667,0.095720,0.055720,0.220000
1772476899,341189161,-0.724728,-1.053318,1.499194,-0.777328,-1.156424,-2.701927,1,0.219789,0.081989,0.220000,0.082321,0.220000,0.086433,0.220000,0.086433,0,0.392877,0.220000,0.212667,0.102321,0.062321,0.220000
1772476899,366212988,-0.724310,-1.048121,1.501415,-0.782066,-1.158603,-2.699706,1,0.219766,0.077916,0.220000,0.086433,0.220000,0.088863,0.220000,0.088863,0,0.403921,0.220000,0.212667,0.106433,0.066433,0.220000
1772476899,391289001,-0.724092,-1.043551,1.503066,-0.786335,-1.160629,-2.698171,1,0.219814,0.089876,0.220000,0.088863,0.220000,0.091547,0.220000,0.091547,0,0.416124,0.220000,0.212667,0.108863,0.068863,0.220000
1772476899,441357731,-0.724194,-1.031583,1.506825,-0.799126,-1.166292,-2.695978,1,0.220338,0.090862,0.220000,0.091547,0.220000,0.105798,0.220000,0.105798,0,0.480900,0.220000,0.212667,0.111547,0.071547,0.220000
1772476899,466410006,-0.724349,-1.025622,1.509074,-0.804255,-1.169335,-2.693729,1,0.219884,0.096591,0.220000,0.105798,0.220000,0.107664,0.220000,0.107664,0,0.489383,0.220000,0.212667,0.125798,0.085798,0.220000
1772476899,491433023,-0.723888,-1.020572,1.511321,-0.808887,-1.171396,-2.691482,1,0.219973,0.105391,0.220000,0.107664,0.220000,0.111852,0.220000,0.111852,0,0.508419,0.220000,0.212667,0.127664,0.087664,0.220000
1772476899,541542766,-0.722618,-1.009398,1.516008,-0.819261,-1.175739,-2.686795,1,0.220429,0.114351,0.220000,0.111852,0.220000,0.123477,0.220000,0.123477,0,0.561261,0.220000,0.212667,0.131852,0.091852,0.220000
1772476899,566592947,-0.722322,-1.004801,1.518834,-0.823418,-1.177723,-2.683969,1,0.219795,0.116709,0.220000,0.123477,0.220000,0.126649,0.220000,0.126649,0,0.575677,0.220000,0.212667,0.143477,0.103477,0.220000
1772476899,591613454,-0.722359,-0.998419,1.521572,-0.828971,-1.180868,-2.681231,1,0.219588,0.119948,0.220000,0.126649,0.220000,0.131329,0.220000,0.131329,0,0.596949,0.220000,0.212667,0.146649,0.106649,0.220000
1772476899,641687272,-0.721799,-0.987850,1.527339,-0.838773,-1.185662,-2.675441,1,0.220165,0.134168,0.220000,0.131329,0.220000,0.144443,0.220000,0.144443,0,0.656561,0.220000,0.212667,0.151329,0.111329,0.220000
1772476899,666788597,-0.721256,-0.982556,1.529785,-0.848163,-1.189681,-2.672661,1,0.220230,0.133997,0.220000,0.144443,0.218639,0.164443,0.218639,0.164443,0,0.752124,0.220000,0.212667,0.164443,0.124443,0.220000
1772476899,691827847,-0.721371,-0.977067,1.532605,-0.852897,-1.192460,-2.669841,1,0.218201,0.154433,0.218639,0.164443,0.220000,0.170097,0.220000,0.170097,0,0.773166,0.220000,0.211305,0.184443,0.144443,0.220000
1772476899,741858164,-0.722283,-0.966441,1.539082,-0.861726,-1.198443,-2.663364,1,0.219485,0.167398,0.220000,0.170097,0.216419,0.190097,0.216419,0.190097,0,0.878373,0.220000,0.212667,0.190097,0.150097,0.220000
1772476899,766881612,-0.721075,-0.960524,1.543516,-0.867480,-1.200277,-2.658931,1,0.215559,0.195097,0.216419,0.190097,0.220000,0.198012,0.220000,0.198012,0,0.900053,0.220000,0.209085,0.210097,0.170097,0.220000
1772476899,791917400,-0.720522,-0.955989,1.547618,-0.871708,-1.202008,-2.654829,1,0.221347,0.203584,0.220000,0.198012,0.212667,0.218012,0.212667,0.218012,0,1.098744,0.220000,0.212667,0.218012,0.178012,0.220000
1772476899,842146015,-0.720411,-0.946327,1.558221,-0.880195,-1.206628,-2.644225,1,0.212222,0.219553,0.212667,0.218012,0.220000,0.231113,0.220000,0.231113,0,1.050514,0.220000,0.205333,0.238012,0.198012,0.220000
1772476899,867085613,-0.720590,-0.939996,1.564051,-0.885633,-1.209874,-2.638395,1,0.221532,0.230656,0.220000,0.231113,0.212667,0.251113,0.212667,0.251113,0,6.026233,0.220000,0.212667,0.251113,0.211113,0.220000
1772476899,892172525,-0.721629,-0.934364,1.568345,-0.890271,-1.213418,-2.634224,1,0.210632,0.257866,0.212667,0.251113,0.205333,0.271113,0.205333,0.271113,0,6.320490,0.220000,0.205333,0.271113,0.231113,0.220000
1772476899,942236924,-0.721145,-0.924125,1.579136,-0.902544,-1.216485,-2.625080,1,0.204875,0.273290,0.205333,0.271113,0.198000,0.291113,0.198000,0.291113,0,6.506870,0.212667,0.198000,0.291113,0.251113,0.220000
1772476899,967288421,-0.720848,-0.918429,1.586036,-0.907664,-1.218997,-2.618181,1,0.195665,0.276545,0.198000,0.291113,0.205333,0.271113,0.205333,0.271113,0,1.288311,0.205333,0.190667,0.311113,0.271113,0.220000
1772476899,992336543,-0.721484,-0.914405,1.592219,-0.910871,-1.221511,-2.611998,1,0.207567,0.295326,0.205333,0.271113,0.198000,0.291113,0.198000,0.291113,0,6.413116,0.212667,0.198000,0.291113,0.251113,0.220000
1772476900,42458008,-0.721417,-0.904760,1.607161,-0.919330,-1.226145,-2.597056,1,0.197946,0.291544,0.198000,0.291113,0.190667,0.311113,0.190667,0.311113,0,6.735774,0.205333,0.190667,0.311113,0.271113,0.220000
1772476900,67503753,-0.720704,-0.898800,1.613420,-0.924883,-1.228422,-2.590796,1,0.189819,0.300017,0.190667,0.311113,0.183333,0.331113,0.183333,0.331113,0,7.007749,0.198000,0.183333,0.331113,0.291113,0.220000
1772476900,92559961,-0.722376,-0.895475,1.620232,-0.926975,-1.231501,-2.583985,1,0.182249,0.307228,0.183333,0.331113,0.190667,0.311113,0.190667,0.311113,0,1.370197,0.190667,0.176000,0.351113,0.311113,0.220000
1772476900,142633693,-0.721686,-0.885074,1.634993,-0.935922,-1.236830,-2.568759,1,0.190937,0.314060,0.190667,0.311113,0.183333,0.331113,0.183333,0.331113,0,6.981559,0.198000,0.183333,0.331113,0.291113,0.220000
1772476900,167742761,-0.722758,-0.880907,1.643200,-0.939040,-1.239796,-2.560552,1,0.191115,0.306604,0.183333,0.331113,0.176000,0.351113,0.176000,0.351113,0,6.976360,0.190667,0.176000,0.351113,0.311113,0.220000
1772476900,192732535,-0.722897,-0.877167,1.650679,-0.942238,-1.241738,-2.553073,1,0.175429,0.335595,0.176000,0.351113,0.168667,0.371113,0.168667,0.371113,0,7.513605,0.183333,0.168667,0.371113,0.331113,0.220000
1772476900,242818643,-0.723751,-0.867798,1.667274,-0.950005,-1.247047,-2.536478,1,0.168460,0.379082,0.168667,0.371113,0.161333,0.391113,0.161333,0.391113,0,7.751561,0.176000,0.161333,0.391113,0.351113,0.220000
1772476900,267868723,-0.723998,-0.864043,1.675461,-0.953165,-1.249091,-2.528291,1,0.160503,0.386910,0.161333,0.391113,0.168667,0.371113,0.168667,0.371113,0,1.162373,0.168667,0.154000,0.411113,0.371113,0.220000
1772476900,292958565,-0.724370,-0.859636,1.685133,-0.956832,-1.251563,-2.518619,1,0.169367,0.374935,0.168667,0.371113,0.161333,0.391113,0.161333,0.391113,0,7.761388,0.176000,0.161333,0.391113,0.351113,0.220000
1772476900,318017888,-0.723975,-0.856579,1.694327,-0.959695,-1.252706,-2.509425,1,0.161426,0.387298,0.161333,0.391113,0.154000,0.411113,0.154000,0.411113,0,7.966605,0.168667,0.154000,0.411113,0.371113,0.220000
1772476900,368091471,-0.726310,-0.848620,1.712448,-0.965822,-1.258391,-2.491451,1,0.160785,0.392408,0.154000,0.411113,0.146667,0.431113,0.146667,0.431113,0,8.064950,0.161333,0.146667,0.431113,0.391113,0.220000
1772476900,393130291,-0.726479,-0.844185,1.721719,-0.973473,-1.257848,-2.483998,1,0.145846,0.416943,0.146667,0.431113,0.154000,0.411113,0.154000,0.411113,0,1.084609,0.154000,0.139333,0.451113,0.411113,0.220000
1772476900,418215540,-0.727631,-0.841233,1.731698,-0.975495,-1.260288,-2.474019,1,0.154061,0.409250,0.154000,0.411113,0.146667,0.431113,0.146667,0.431113,0,8.205550,0.161333,0.146667,0.431113,0.391113,0.220000
1772476900,443287474,-0.728412,-0.836897,1.742237,-0.978907,-1.263075,-2.463480,1,0.154061,0.409250,0.146667,0.431113,0.139333,0.451113,0.139333,0.451113,0,8.263018,0.154000,0.139333,0.451113,0.411113,0.220000
1772476900,493372288,-0.729642,-0.829404,1.762927,-0.984862,-1.267787,-2.442790,1,0.137349,0.447273,0.139333,0.451113,0.146667,0.431113,0.146667,0.431113,0,1.000353,0.146667,0.132000,0.471113,0.431113,0.220000
1772476900,543527101,-0.729886,-0.823643,1.784310,-0.989780,-1.270795,-2.421407,1,0.147031,0.431454,0.146667,0.431113,0.139333,0.451113,0.139333,0.451113,0,8.491745,0.154000,0.139333,0.451113,0.411113,0.220000
1772476900,568503800,-0.732341,-0.819599,1.794694,-0.992125,-1.274905,-2.411023,1,0.146444,0.446801,0.139333,0.451113,0.132000,0.471113,0.132000,0.471113,0,8.607668,0.146667,0.132000,0.471113,0.431113,0.220000
1772476900,593624095,-0.731894,-0.816903,1.805954,-0.994135,-1.275566,-2.399463,1,0.130273,0.454975,0.132000,0.471113,0.139333,0.451113,0.139333,0.451113,0,0.892749,0.139333,0.124667,0.491113,0.451113,0.220000
1772476900,618690642,-0.732339,-0.814041,1.816569,-0.989962,-1.274417,-2.385412,1,0.138644,0.445377,0.139333,0.451113,0.132000,0.471113,0.132000,0.471113,0,8.453686,0.146667,0.132000,0.471113,0.431113,0.220000
1772476900,668776688,-0.734414,-0.807284,1.838538,-0.994844,-1.279529,-2.363443,1,0.130408,0.460856,0.132000,0.471113,0.124667,0.491113,0.124667,0.491113,0,8.272356,0.139333,0.124667,0.491113,0.451113,0.220000
1772476900,693773549,-0.736240,-0.804193,1.849524,-0.996649,-1.282633,-2.352458,1,0.123778,0.478573,0.124667,0.491113,0.117333,0.471113,0.117333,0.471113,0,-0.130465,0.132000,0.117333,0.511113,0.471113,0.220000
1772476900,718959936,-0.736714,-0.800954,1.861777,-0.999243,-1.284628,-2.340204,1,0.117550,0.486215,0.117333,0.471113,0.110000,0.451113,0.110000,0.451113,0,-0.809671,0.124667,0.110000,0.491113,0.451113,0.220000
1772476900,768997786,-0.737447,-0.795087,1.886075,-1.004005,-1.288134,-2.315907,1,0.117533,0.464623,0.110000,0.451113,0.102667,0.431113,0.102667,0.431113,0,-0.505086,0.117333,0.102667,0.471113,0.431113,0.220000
1772476900,794045011,-0.739607,-0.792424,1.897480,-1.005273,-1.291320,-2.304501,1,0.101227,0.432093,0.102667,0.431113,0.095333,0.411113,0.095333,0.411113,0,-2.467187,0.110000,0.095333,0.451113,0.411113,0.220000
1772476900,819114775,-0.740921,-0.789513,1.908400,-1.007171,-1.293888,-2.293582,1,0.094975,0.426490,0.095333,0.411113,0.088000,0.391113,0.088000,0.391113,0,-3.176641,0.102667,0.088000,0.431113,0.391113,0.220000
1772476900,869155389,-0.742300,-0.785010,1.929432,-1.011405,-1.293451,-2.272911,1,0.086987,0.374379,0.088000,0.391113,0.080667,0.371113,0.080667,0.371113,0,-3.881030,0.095333,0.080667,0.411113,0.371113,0.220000
1772476900,894206289,-0.743952,-0.782382,1.939124,-1.012892,-1.296176,-2.263219,1,0.079858,0.375973,0.080667,0.371113,0.073333,0.351113,0.073333,0.351113,0,-4.936646,0.088000,0.073333,0.391113,0.351113,0.220000
1772476900,919290286,-0.743942,-0.780595,1.949008,-1.014457,-1.297039,-2.253335,1,0.073330,0.358402,0.073333,0.351113,0.066000,0.331113,0.066000,0.331113,0,-5.929469,0.080667,0.066000,0.371113,0.331113,0.220000
1772476900,969337718,-0.745702,-0.777070,1.966210,-1.016674,-1.300296,-2.236133,1,0.064539,0.322264,0.066000,0.331113,0.058667,0.311113,0.058667,0.311113,0,-6.284321,0.073333,0.058667,0.351113,0.311113,0.220000
1772476900,994408221,-0.747297,-0.775388,1.974978,-1.017363,-1.302509,-2.227365,1,0.057129,0.316874,0.058667,0.311113,0.051333,0.291113,0.051333,0.291113,0,-6.572863,0.066000,0.051333,0.331113,0.291113,0.220000
1772476901,19420365,-0.748082,-0.773158,1.982883,-1.018926,-1.304283,-2.219460,1,0.051347,0.284317,0.051333,0.291113,0.044000,0.271113,0.044000,0.271113,0,-6.689000,0.058667,0.044000,0.311113,0.271113,0.220000
1772476901,69492440,-0.749174,-0.771471,1.997229,-1.019763,-1.306257,-2.205458,1,0.050898,0.286456,0.044000,0.271113,0.036667,0.251113,0.036667,0.251113,0,-7.019901,0.051333,0.036667,0.291113,0.251113,0.220000
1772476901,94536864,-0.749688,-0.769312,2.004845,-1.020230,-1.310033,-2.201833,1,0.035557,0.239595,0.036667,0.251113,0.029333,0.231113,0.029333,0.231113,0,-7.385735,0.044000,0.029333,0.271113,0.231113,0.220000
1772476901,119575678,-0.750215,-0.768209,2.011722,-1.020940,-1.311028,-2.194956,1,0.029197,0.230715,0.029333,0.231113,0.022000,0.211113,0.022000,0.211113,0,-7.497240,0.036667,0.022000,0.251113,0.211113,0.220000
1772476901,169639013,-0.750918,-0.767971,2.023503,-1.020807,-1.311758,-2.183175,1,0.029048,0.227591,0.022000,0.211113,0.014667,0.191113,0.014667,0.191113,0,-7.778897,0.029333,0.014667,0.231113,0.191113,0.220000
1772476901,194662640,-0.750910,-0.765821,2.028719,-1.022693,-1.312793,-2.177959,1,0.013433,0.200656,0.014667,0.191113,0.007333,0.171113,0.007333,0.171113,0,-7.706023,0.022000,0.007333,0.211113,0.171113,0.220000
1772476901,244965334,-0.751360,-0.765582,2.038593,-1.022907,-1.313427,-2.168044,1,0.007229,0.180623,0.007333,0.171113,0.000000,0.151113,0.000000,0.151113,0,-7.899435,0.014667,0.000000,0.191113,0.151113,0.220000
1772476901,269699146,-0.752527,-0.765433,2.042898,-1.024858,-1.315849,-2.163308,1,0.007163,0.160130,0.000000,0.151113,0.000000,0.131113,0.000000,0.131113,0,-7.940582,0.007333,0.000000,0.171113,0.131113,0.220000
1772476901,294740846,-0.751696,-0.765068,2.046199,-1.025580,-1.315299,-2.160006,1,0.000000,0.129612,0.000000,0.131113,0.000000,0.111113,0.000000,0.111113,0,-7.844969,0.007333,0.000000,0.151113,0.111113,0.220000
1772476901,319769654,-0.750472,-0.766234,2.050569,-1.025154,-1.313663,-2.155637,1,0.000000,0.105622,0.000000,0.111113,0.000000,0.091113,0.000000,0.091113,0,-7.822107,0.007333,0.000000,0.131113,0.091113,0.220000
1772476901,369829134,-0.751501,-0.765190,2.055886,-1.025568,-1.315069,-2.150320,1,0.000000,0.111269,0.000000,0.091113,0.000000,0.071113,0.000000,0.071113,0,-7.984646,0.007333,0.000000,0.111113,0.071113,0.220000
1772476901,394819234,-0.751826,-0.764074,2.058329,-1.026470,-1.315748,-2.148009,1,0.000000,0.066179,0.000000,0.071113,0.000000,0.051113,0.000000,0.051113,0,-7.946831,0.007333,0.000000,0.091113,0.051113,0.220000
1772476901,419887743,-0.751874,-0.765987,2.060960,-1.025935,-1.312840,-2.147206,1,0.000000,0.048131,0.000000,0.051113,0.000000,0.031113,0.000000,0.031113,0,-7.779117,0.007333,0.000000,0.071113,0.031113,0.220000
1772476901,470011966,-0.752049,-0.763631,2.063031,-1.027913,-1.314132,-2.145135,1,0.000000,0.030784,0.000000,0.031113,0.000000,0.011113,0.000000,0.011113,0,-7.644221,0.007333,0.000000,0.051113,0.011113,0.220000
1772476901,494881501,-0.752882,-0.763729,2.064481,-1.027425,-1.314814,-2.143686,1,0.000000,0.016264,0.000000,0.011113,0.001140,-0.008887,0.001140,-0.008887,0,-7.797528,0.007333,0.000000,0.031113,-0.008887,0.220000
1772476901,544937509,-0.751718,-0.764755,2.065093,-1.028260,-1.313406,-2.141290,1,0.000000,-0.010429,0.001140,-0.008887,0.003803,-0.028887,0.003803,-0.028887,0,-7.595431,0.008473,0.000000,0.011113,-0.028887,0.220000
1772476901,569921105,-0.753008,-0.764293,2.065212,-1.028039,-1.314757,-2.141171,1,0.004202,-0.029815,0.003803,-0.028887,0.006313,-0.048887,0.006313,-0.048887,0,-7.743352,0.011137,0.000000,-0.008887,-0.048887,0.220000
1772476901,594962717,-0.752016,-0.763375,2.064421,-1.029323,-1.314335,-2.141962,1,0.006523,-0.039107,0.006313,-0.048887,0.009179,-0.068887,0.009179,-0.068887,0,-7.505081,0.013647,0.000000,-0.028887,-0.068887,0.220000
1772476901,619969866,-0.753079,-0.763479,2.063080,-1.028717,-1.315214,-2.143304,1,0.009046,-0.071549,0.009179,-0.068887,0.011625,-0.088887,0.011625,-0.088887,0,-7.646183,0.016512,0.001845,-0.048887,-0.088887,0.220000
1772476901,669938953,-0.753696,-0.762965,2.060175,-1.026947,-1.311128,-2.144522,1,0.011962,-0.071156,0.011625,-0.088887,0.014463,-0.108887,0.014463,-0.108887,0,-7.528878,0.018958,0.004292,-0.068887,-0.108887,0.220000
1772476901,694960264,-0.752624,-0.762670,2.058705,-1.027726,-1.310334,-2.145991,1,0.014855,-0.109172,0.014463,-0.108887,0.017592,-0.128887,0.017592,-0.128887,0,-7.326385,0.021796,0.007129,-0.088887,-0.128887,0.220000
1772476901,744936317,-0.753012,-0.762068,2.052961,-1.028063,-1.310966,-2.151736,1,0.017444,-0.131245,0.017592,-0.128887,0.020552,-0.148887,0.020552,-0.148887,0,-7.244289,0.024925,0.010259,-0.108887,-0.148887,0.220000
1772476901,769939911,-0.753707,-0.762021,2.049891,-1.027706,-1.311635,-2.154691,1,0.017772,-0.131779,0.020552,-0.148887,0.023118,-0.168887,0.023118,-0.168887,0,-7.305390,0.027886,0.013219,-0.128887,-0.168887,0.220000
1772476901,794964554,-0.755162,-0.761675,2.046158,-1.025754,-1.314058,-2.155502,1,0.022976,-0.159141,0.023118,-0.168887,0.024277,-0.188887,0.024277,-0.188887,0,-7.780509,0.030451,0.015785,-0.148887,-0.188887,0.220000
1772476901,844958718,-0.755034,-0.758621,2.038460,-1.028481,-1.315440,-2.163200,1,0.024254,-0.209234,0.024277,-0.188887,0.028340,-0.208887,0.028340,-0.208887,0,-7.370815,0.031610,0.016944,-0.168887,-0.208887,0.220000
1772476901,869973877,-0.754763,-0.759654,2.033850,-1.027713,-1.314698,-2.167810,1,0.029410,-0.204138,0.028340,-0.208887,0.031157,-0.228887,0.031157,-0.228887,0,-7.346176,0.035673,0.021006,-0.188887,-0.228887,0.220000
1772476901,895015218,-0.755544,-0.758039,2.028244,-1.028798,-1.316186,-2.173408,1,0.031139,-0.207964,0.031157,-0.228887,0.034488,-0.248887,0.034488,-0.248887,0,-7.216698,0.038491,0.023824,-0.208887,-0.248887,0.220000
1772476901,919996730,-0.755589,-0.757400,2.022796,-1.031105,-1.317071,-2.178602,1,0.034772,-0.260180,0.034488,-0.248887,0.039203,-0.268887,0.039203,-0.268887,0,-6.858868,0.041821,0.027154,-0.228887,-0.268887,0.220000
1772476901,970094236,-0.756657,-0.755739,2.010912,-1.032031,-1.318814,-2.190486,1,0.034848,-0.248921,0.039203,-0.268887,0.043327,-0.288887,0.043327,-0.288887,0,-6.667558,0.046536,0.031869,-0.248887,-0.288887,0.220000
1772476901,995108933,-0.757382,-0.755406,2.004174,-1.031968,-1.319610,-2.197224,1,0.043656,-0.285271,0.043327,-0.288887,0.046580,-0.308887,0.046580,-0.308887,0,-6.631284,0.050661,0.035994,-0.268887,-0.308887,0.220000
1772476902,20219743,-0.756891,-0.754266,1.997715,-1.033202,-1.319739,-2.203683,1,0.046226,-0.306091,0.046580,-0.308887,0.051903,-0.328887,0.051903,-0.328887,0,-6.336517,0.053914,0.039247,-0.288887,-0.328887,0.220000
1772476902,70227640,-0.758121,-0.752129,1.983124,-1.034414,-1.321853,-2.218241,1,0.046220,-0.305520,0.051903,-0.328887,0.057871,-0.348887,0.057871,-0.348887,0,-6.028681,0.059237,0.044570,-0.308887,-0.348887,0.220000
1772476902,95275700,-0.758697,-0.750431,1.975102,-1.033942,-1.323045,-2.225179,1,0.059073,-0.331687,0.057871,-0.348887,0.060694,-0.368887,0.060694,-0.368887,0,-6.077838,0.065205,0.050538,-0.328887,-0.368887,0.220000
1772476902,120248994,-0.758892,-0.750060,1.966875,-1.034169,-1.323397,-2.233406,1,0.060720,-0.357666,0.060694,-0.368887,0.065666,-0.388887,0.065666,-0.388887,0,-5.922238,0.068027,0.053360,-0.348887,-0.388887,0.220000
1772476902,170276160,-0.760472,-0.746830,1.949365,-1.036211,-1.326357,-2.250917,1,0.065804,-0.375132,0.065666,-0.388887,0.072999,-0.399724,0.072999,-0.399724,0,-5.475753,0.072999,0.058332,-0.368887,-0.408887,0.220000
1772476902,195335682,-0.761112,-0.745661,1.939577,-1.036916,-1.327488,-2.260705,1,0.075157,-0.395314,0.072999,-0.399724,0.080332,-0.381994,0.080332,-0.381994,0,-4.755179,0.080332,0.065666,-0.379724,-0.419724,0.220000
1772476902,220323969,-0.762926,-0.741825,1.929510,-1.039371,-1.330949,-2.270772,1,0.080322,-0.389625,0.080332,-0.381994,0.087666,-0.361994,0.087666,-0.361994,0,-2.436338,0.087666,0.072999,-0.361994,-0.401994,0.220000
1772476902,270364440,-0.763447,-0.739269,1.909534,-1.041344,-1.332656,-2.290748,1,0.089081,-0.367749,0.087666,-0.361994,0.080332,-0.341994,0.080332,-0.341994,0,11.231305,0.094999,0.080332,-0.341994,-0.381994,0.220000
1772476902,295397399,-0.762858,-0.738562,1.899134,-1.042249,-1.332488,-2.301148,1,0.079489,-0.367463,0.080332,-0.341994,0.087666,-0.321994,0.087666,-0.321994,0,-1.289139,0.087666,0.072999,-0.321994,-0.361994,0.220000
1772476902,320448806,-0.763690,-0.735992,1.890910,-1.044081,-1.334473,-2.309372,1,0.087541,-0.336938,0.087666,-0.321994,0.080332,-0.301994,0.080332,-0.301994,0,11.631104,0.094999,0.080332,-0.301994,-0.341994,0.220000
1772476902,370530489,-0.764586,-0.732878,1.875238,-1.046625,-1.335689,-2.320112,1,0.079208,-0.316325,0.080332,-0.301994,0.072999,-0.281994,0.072999,-0.281994,0,2.567987,0.087666,0.072999,-0.281994,-0.321994,0.220000
1772476902,395523688,-0.766329,-0.732008,1.866597,-1.046520,-1.337634,-2.328753,1,0.071122,-0.264299,0.072999,-0.281994,0.080332,-0.261994,0.080332,-0.261994,0,-1.925172,0.080332,0.065666,-0.261994,-0.301994,0.220000
1772476902,445616638,-0.766655,-0.727912,1.854259,-1.049919,-1.339942,-2.341090,1,0.080034,-0.256717,0.080332,-0.261994,0.072999,-0.241994,0.072999,-0.241994,0,11.630885,0.087666,0.072999,-0.241994,-0.281994,0.220000
1772476902,470658256,-0.766747,-0.725139,1.847624,-1.052285,-1.341393,-2.347726,1,0.072210,-0.265043,0.072999,-0.241994,0.065666,-0.221994,0.065666,-0.221994,0,2.224251,0.080332,0.065666,-0.221994,-0.261994,0.220000
1772476902,495717617,-0.767478,-0.723923,1.840019,-1.052980,-1.342629,-2.355331,1,0.064425,-0.225469,0.065666,-0.221994,0.058332,-0.201994,0.058332,-0.201994,0,4.582937,0.072999,0.058332,-0.201994,-0.241994,0.220000
1772476902,520696873,-0.767930,-0.722105,1.834027,-1.054337,-1.343921,-2.361322,1,0.058450,-0.200746,0.058332,-0.201994,0.050999,-0.181994,0.050999,-0.181994,0,9.130088,0.065666,0.050999,-0.181994,-0.221994,0.220000
1772476902,570811305,-0.769446,-0.719308,1.823995,-1.056019,-1.346621,-2.371354,1,0.058364,-0.204508,0.050999,-0.181994,0.043666,-0.161994,0.043666,-0.161994,0,12.108524,0.058332,0.043666,-0.161994,-0.201994,0.220000
1772476902,595831888,-0.769054,-0.718671,1.819757,-1.056767,-1.346595,-2.375593,1,0.042055,-0.184328,0.043666,-0.161994,0.036332,-0.141994,0.036332,-0.141994,0,12.270915,0.050999,0.036332,-0.141994,-0.181994,0.220000
1772476902,620891589,-0.770014,-0.717073,1.815119,-1.057681,-1.348219,-2.380230,1,0.036307,-0.161969,0.036332,-0.141994,0.028999,-0.121994,0.028999,-0.121994,0,13.253990,0.043666,0.028999,-0.121994,-0.161994,0.220000
1772476902,671052097,-0.770521,-0.715713,1.808158,-1.058613,-1.349333,-2.387191,1,0.035515,-0.129809,0.028999,-0.121994,0.021666,-0.101994,0.021666,-0.101994,0,13.860561,0.036332,0.021666,-0.101994,-0.141994,0.220000
1772476902,696068119,-0.770933,-0.715099,1.804423,-1.058943,-1.349994,-2.390926,1,0.020132,-0.104708,0.021666,-0.101994,0.014332,-0.081994,0.014332,-0.081994,0,14.168154,0.028999,0.014332,-0.081994,-0.121994,0.220000
1772476902,721243058,-0.770369,-0.713751,1.802476,-1.060394,-1.350170,-2.392874,1,0.014455,-0.075353,0.014332,-0.081994,0.006999,-0.061994,0.006999,-0.061994,0,14.358545,0.021666,0.006999,-0.061994,-0.101994,0.220000
1772476902,771211904,-0.770770,-0.713810,1.797933,-1.060144,-1.350490,-2.397417,1,0.014420,-0.078965,0.006999,-0.061994,0.000000,-0.041994,0.000000,-0.041994,0,14.490264,0.014332,0.000000,-0.041994,-0.081994,0.220000
1772476902,796280938,-0.770347,-0.712605,1.795581,-1.061400,-1.350718,-2.399768,1,0.000000,-0.038197,0.000000,-0.041994,0.000000,-0.021994,0.000000,-0.021994,0,14.669621,0.007333,0.000000,-0.021994,-0.061994,0.220000
1772476902,821336936,-0.771215,-0.713707,1.794285,-1.060014,-1.350928,-2.401065,1,0.000000,-0.014584,0.000000,-0.021994,0.000000,-0.001994,0.000000,-0.001994,0,14.651308,0.007333,0.000000,-0.001994,-0.041994,0.220000
1772476902,871434707,-0.770640,-0.713768,1.793006,-1.060245,-1.350397,-2.402344,1,0.000000,-0.023951,0.000000,-0.001994,0.001240,0.018006,0.001240,0.018006,0,14.522997,0.007333,0.000000,0.018006,-0.021994,0.220000
1772476902,896497477,-0.770308,-0.714724,1.793338,-1.059578,-1.349637,-2.402011,1,0.000000,0.015547,0.001240,0.018006,0.002672,0.038006,0.002672,0.038006,0,14.222292,0.008573,0.000000,0.038006,-0.001994,0.220000
1772476902,921583284,-0.770367,-0.714725,1.792650,-1.059547,-1.349687,-2.402700,1,0.002797,0.047867,0.002672,0.038006,0.004072,0.058006,0.004072,0.058006,0,14.245084,0.010006,0.000000,0.058006,0.018006,0.220000
1772476902,971734896,-0.770375,-0.713735,1.793773,-1.060237,-1.349928,-2.401564,1,0.004152,0.057582,0.004072,0.058006,0.005430,0.078006,0.005430,0.078006,0,14.365789,0.011405,0.000000,0.078006,0.038006,0.220000
1772476902,996768040,-0.769891,-0.714316,1.796010,-1.057580,-1.345575,-2.399140,1,0.005587,0.070322,0.005430,0.078006,0.008067,0.098006,0.008067,0.098006,0,12.148951,0.012763,0.000000,0.098006,0.058006,0.220000
1772476903,21825401,-0.770506,-0.714655,1.797065,-1.056981,-1.345941,-2.398084,1,0.007439,0.112643,0.008067,0.098006,0.009635,0.118006,0.009635,0.118006,0,12.247184,0.015400,0.000734,0.118006,0.078006,0.220000
1772476903,71972150,-0.769810,-0.714046,1.801629,-1.057855,-1.345638,-2.393521,1,0.009697,0.120422,0.009635,0.118006,0.011349,0.138006,0.011349,0.138006,0,12.160629,0.016969,0.002302,0.138006,0.098006,0.220000
1772476903,97170247,-0.770288,-0.715070,1.804345,-1.056728,-1.345547,-2.390804,1,0.011563,0.130530,0.011349,0.138006,0.013329,0.158006,0.013329,0.158006,0,11.854232,0.018682,0.004015,0.158006,0.118006,0.220000
1772476903,122254045,-0.770847,-0.713565,1.807600,-1.057760,-1.346778,-2.387549,1,0.013063,0.142464,0.013329,0.158006,0.014041,0.178006,0.014041,0.178006,0,12.677207,0.020662,0.005996,0.178006,0.138006,0.220000
1772476903,172311612,-0.769530,-0.713032,1.814763,-1.060652,-1.345477,-2.380551,1,0.014460,0.162753,0.014041,0.178006,0.016022,0.198006,0.016022,0.198006,0,12.358278,0.021375,0.006708,0.198006,0.158006,0.220000
1772476903,197419876,-0.770478,-0.713797,1.819275,-1.059518,-1.345923,-2.376039,1,0.015952,0.198103,0.016022,0.198006,0.017648,0.218006,0.017648,0.218006,0,12.353178,0.023355,0.008689,0.218006,0.178006,0.220000
1772476903,222503662,-0.771100,-0.711982,1.824154,-1.060788,-1.347361,-2.371160,1,0.017749,0.226637,0.017648,0.218006,0.018133,0.238006,0.018133,0.238006,0,13.125549,0.024981,0.010314,0.238006,0.198006,0.220000
1772476903,272679310,-0.770205,-0.712235,1.834837,-1.061257,-1.346557,-2.360342,1,0.018366,0.224269,0.018133,0.238006,0.020346,0.258006,0.020346,0.258006,0,12.681004,0.025466,0.010800,0.258006,0.218006,0.220000
1772476903,297677164,-0.770743,-0.712115,1.841179,-1.063520,-1.348046,-2.352674,1,0.020479,0.253644,0.020346,0.258006,0.020686,0.278006,0.020686,0.278006,0,13.439059,0.027679,0.013013,0.278006,0.238006,0.220000
1772476903,322796309,-0.769684,-0.710778,1.846973,-1.065207,-1.347789,-2.346879,1,0.020648,0.283471,0.020686,0.278006,0.022182,0.298006,0.022182,0.298006,0,13.434494,0.028020,0.013353,0.298006,0.258006,0.220000
1772476903,373025326,-0.770110,-0.710155,1.860451,-1.065537,-1.348468,-2.333401,1,0.020724,0.279821,0.022182,0.298006,0.023507,0.318006,0.023507,0.318006,0,13.527875,0.029515,0.014849,0.318006,0.278006,0.220000
1772476903,398104802,-0.771094,-0.709731,1.868072,-1.065417,-1.349533,-2.325780,1,0.024095,0.308854,0.023507,0.318006,0.024572,0.338006,0.024572,0.338006,0,13.755687,0.030841,0.016174,0.338006,0.298006,0.220000
1772476903,423160475,-0.770761,-0.710015,1.875493,-1.065336,-1.349103,-2.318359,1,0.024570,0.343079,0.024572,0.338006,0.026460,0.358006,0.026460,0.358006,0,13.529908,0.031905,0.017239,0.358006,0.318006,0.220000
1772476903,473354021,-0.770791,-0.708924,1.892242,-1.068286,-1.353772,-2.299923,1,0.026473,0.358937,0.026460,0.358006,0.025617,0.378006,0.025617,0.378006,0,14.756057,0.033794,0.019127,0.378006,0.338006,0.220000
1772476903,498438911,-0.771049,-0.707876,1.901271,-1.069066,-1.354517,-2.290894,1,0.026010,0.365319,0.025617,0.378006,0.026778,0.398006,0.026778,0.398006,0,14.863431,0.032950,0.018284,0.398006,0.358006,0.220000
1772476903,523529125,-0.772617,-0.706842,1.910392,-1.069185,-1.356391,-2.281773,1,0.026574,0.406810,0.026778,0.398006,0.027577,0.418006,0.027577,0.418006,0,15.157928,0.034111,0.019444,0.418006,0.378006,0.220000
1772476903,573714825,-0.772502,-0.706304,1.929778,-1.069709,-1.356558,-2.262387,1,0.027992,0.420076,0.027577,0.418006,0.029171,0.438006,0.029171,0.438006,0,15.015002,0.034910,0.020243,0.438006,0.398006,0.220000
1772476903,598745974,-0.771619,-0.705646,1.940221,-1.070718,-1.356119,-2.251944,1,0.029212,0.415948,0.029171,0.438006,0.030817,0.458006,0.030817,0.458006,0,14.861916,0.036505,0.021838,0.458006,0.418006,0.220000
1772476903,623840343,-0.772489,-0.704094,1.950540,-1.071633,-1.357646,-2.241625,1,0.030765,0.452635,0.030817,0.458006,0.031687,0.478006,0.031687,0.478006,0,15.085072,0.038151,0.023484,0.478006,0.438006,0.220000
1772476903,674116753,-0.772132,-0.703410,1.972411,-1.072404,-1.357676,-2.219754,1,0.031497,0.459633,0.031687,0.478006,0.033433,0.498006,0.033433,0.498006,0,14.895634,0.039021,0.024354,0.498006,0.458006,0.220000
1772476903,699138198,-0.772909,-0.703472,1.984296,-1.071963,-1.358320,-2.207869,1,0.034009,0.478893,0.033433,0.498006,0.034826,0.518006,0.034826,0.518006,0,14.874008,0.040766,0.026100,0.518006,0.478006,0.220000
1772476903,724242183,-0.773363,-0.703518,1.995653,-1.071698,-1.358691,-2.196512,1,0.034948,0.521302,0.034826,0.518006,0.036320,0.538006,0.036320,0.538006,0,14.813022,0.042160,0.027493,0.538006,0.498006,0.220000
1772476903,774406649,-0.772646,-0.699814,2.021071,-1.075175,-1.359709,-2.171100,1,0.034798,0.520686,0.036320,0.538006,0.037552,0.558006,0.037552,0.558006,0,14.859515,0.043653,0.028986,0.558006,0.518006,0.220000
1772476903,799536791,-0.772017,-0.699566,2.033169,-1.075065,-1.357911,-2.159046,1,0.037855,0.544474,0.037552,0.558006,0.040157,0.578006,0.040157,0.578006,0,14.393544,0.044885,0.030219,0.578006,0.538006,0.220000
1772476903,824646709,-0.774607,-0.699197,2.047012,-1.074098,-1.360342,-2.145204,1,0.040224,0.590940,0.040157,0.578006,0.040802,0.598006,0.040802,0.598006,0,14.656319,0.047491,0.032824,0.598006,0.558006,0.220000
1772476903,874729325,-0.774973,-0.696728,2.076027,-1.076058,-1.361885,-2.116188,1,0.040419,0.581040,0.040802,0.598006,0.040851,0.600000,0.040851,0.600000,0,14.687616,0.048135,0.033469,0.600000,0.578006,0.220000
1772476903,899867495,-0.775334,-0.696331,2.091224,-1.076223,-1.362397,-2.100991,1,0.040778,0.601721,0.040851,0.600000,0.041044,0.600000,0.041044,0.600000,0,14.618541,0.048184,0.033517,0.600000,0.580000,0.220000
1772476903,924926843,-0.775809,-0.695126,2.106224,-1.077033,-1.363408,-2.085991,1,0.041213,0.590301,0.041044,0.600000,0.040939,0.600000,0.040939,0.600000,0,14.655777,0.048377,0.033710,0.600000,0.580000,0.220000
1772476903,974978959,-0.776865,-0.693482,2.136435,-1.077934,-1.365141,-2.055781,1,0.040848,0.605176,0.040939,0.600000,0.040971,0.600000,0.040971,0.600000,0,14.644552,0.048273,0.033606,0.600000,0.580000,0.220000
1772476904,29319,-0.778200,-0.692099,2.150599,-1.078471,-1.366987,-2.041616,1,0.041222,0.597259,0.040971,0.600000,0.040542,0.600000,0.040542,0.600000,0,14.799577,0.048304,0.033638,0.600000,0.580000,0.220000
1772476904,25070994,-0.778669,-0.692257,2.165389,-1.078101,-1.367315,-2.026826,1,0.040730,0.607847,0.040542,0.600000,0.040867,0.600000,0.040867,0.600000,0,14.681873,0.047875,0.033208,0.600000,0.580000,0.220000
1772476904,75266888,-0.780247,-0.689804,2.195682,-1.079445,-1.369904,-1.996533,1,0.040704,0.613203,0.040867,0.600000,0.040574,0.600000,0.040574,0.600000,0,14.787648,0.048200,0.033533,0.600000,0.580000,0.220000
1772476904,100383712,-0.780027,-0.689154,2.210526,-1.080119,-1.370036,-1.981689,1,0.040890,0.598365,0.040574,0.600000,0.040910,0.600000,0.040910,0.600000,0,14.666180,0.047908,0.033241,0.600000,0.580000,0.220000
1772476904,125308643,-0.780775,-0.688521,2.224884,-1.080295,-1.371000,-1.967332,1,0.040672,0.579414,0.040910,0.600000,0.040928,0.600000,0.040928,0.600000,0,14.660039,0.048244,0.033577,0.600000,0.580000,0.220000
1772476904,175442029,-0.782043,-0.687180,2.255219,-1.080829,-1.372766,-1.936997,1,0.040845,0.606184,0.040928,0.600000,0.041083,0.600000,0.041083,0.600000,0,14.604505,0.048261,0.033594,0.600000,0.580000,0.220000
1772476904,200517511,-0.783249,-0.685418,2.270300,-1.081759,-1.374689,-1.921915,1,0.041492,0.594996,0.041083,0.600000,0.040714,0.600000,0.040714,0.600000,0,14.736844,0.048417,0.033750,0.600000,0.580000,0.220000
1772476904,225539222,-0.783687,-0.685521,2.284901,-1.081452,-1.375018,-1.907314,1,0.040954,0.594035,0.040714,0.600000,0.041043,0.600000,0.041043,0.600000,0,14.618677,0.048048,0.033381,0.600000,0.580000,0.220000
1772476904,275705610,-0.785037,-0.683471,2.314889,-1.082559,-1.377208,-1.877326,1,0.040871,0.601393,0.041043,0.600000,0.041034,0.600000,0.041034,0.600000,0,14.621932,0.048377,0.033710,0.600000,0.580000,0.220000
1772476904,300922566,-0.785929,-0.683168,2.329986,-1.082456,-1.377916,-1.862187,1,0.040981,0.599336,0.041034,0.600000,0.041234,0.600000,0.041234,0.600000,0,14.551183,0.048368,0.033701,0.600000,0.580000,0.220000
1772476904,325864345,-0.786031,-0.682576,2.344457,-1.083435,-1.376841,-1.847431,1,0.041105,0.606335,0.041234,0.600000,0.042071,0.600000,0.042071,0.600000,0,14.261442,0.048567,0.033900,0.600000,0.580000,0.220000
1772476904,375851416,-0.787830,-0.680570,2.375047,-1.084281,-1.379399,-1.816841,1,0.042191,0.597907,0.042071,0.600000,0.041977,0.600000,0.041977,0.600000,0,14.293596,0.049405,0.034738,0.600000,0.580000,0.220000
1772476904,401099877,-0.789388,-0.680448,2.390084,-1.083611,-1.380812,-1.801804,1,0.042215,0.605394,0.041977,0.600000,0.041948,0.600000,0.041948,0.600000,0,14.303573,0.049310,0.034644,0.600000,0.580000,0.220000
1772476904,425981515,-0.790212,-0.679775,2.404931,-1.083786,-1.381862,-1.786957,1,0.041798,0.604343,0.041948,0.600000,0.042007,0.600000,0.042007,0.600000,0,14.283442,0.049281,0.034614,0.600000,0.580000,0.220000
1772476904,476064203,-0.792253,-0.678431,2.435423,-1.083791,-1.384256,-1.756397,1,0.041889,0.594387,0.042007,0.600000,0.042074,0.600000,0.042074,0.600000,0,14.260491,0.049340,0.034673,0.600000,0.580000,0.220000
1772476904,501209858,-0.792713,-0.676688,2.450634,-1.083871,-1.385152,-1.740627,1,0.042175,0.598546,0.042074,0.600000,0.042246,0.600000,0.042246,0.600000,0,14.202428,0.049408,0.034741,0.600000,0.580000,0.220000
1772476904,526203127,-0.794609,-0.677500,2.465291,-1.082223,-1.386392,-1.725970,1,0.042488,0.596780,0.042246,0.600000,0.042355,0.600000,0.042355,0.600000,0,14.165844,0.049580,0.034913,0.600000,0.580000,0.220000
1772476904,576281648,-0.796325,-0.675764,2.495452,-1.082874,-1.388744,-1.695809,1,0.042454,0.616851,0.042355,0.600000,0.042429,0.600000,0.042429,0.600000,0,14.141393,0.049689,0.035022,0.600000,0.580000,0.220000
1772476904,601436993,-0.796945,-0.675962,2.510187,-1.082394,-1.389183,-1.681074,1,0.042402,0.577613,0.042429,0.600000,0.042794,0.600000,0.042794,0.600000,0,14.020506,0.049762,0.035095,0.600000,0.580000,0.220000
1772476904,626372397,-0.797790,-0.674714,2.525324,-1.082801,-1.391052,-1.665674,1,0.042561,0.626368,0.042794,0.600000,0.042571,0.600000,0.042571,0.600000,0,14.094199,0.050128,0.035461,0.600000,0.580000,0.220000
1772476904,676525611,-0.799362,-0.673927,2.554851,-1.080430,-1.397397,-1.633801,1,0.042728,0.592200,0.042571,0.600000,0.041445,0.600000,0.041445,0.600000,0,14.476861,0.049904,0.035237,0.600000,0.580000,0.220000
1772476904,701584202,-0.801276,-0.674174,2.569891,-1.079259,-1.398931,-1.618761,1,0.041371,0.598118,0.041445,0.600000,0.041450,0.600000,0.041450,0.600000,0,14.475215,0.048779,0.034112,0.600000,0.580000,0.220000
1772476904,726693652,-0.802344,-0.672212,2.585053,-1.080424,-1.400837,-1.603599,1,0.041368,0.602359,0.041450,0.600000,0.041241,0.600000,0.041241,0.600000,0,14.548713,0.048783,0.034117,0.600000,0.580000,0.220000
1772476904,776746489,-0.803888,-0.671224,2.614752,-1.079052,-1.399605,-1.574276,1,0.041245,0.602775,0.041241,0.600000,0.042698,0.600000,0.042698,0.600000,0,14.052016,0.048574,0.033907,0.600000,0.580000,0.220000
1772476904,801859100,-0.805150,-0.670585,2.629792,-1.078975,-1.401019,-1.559235,1,0.042880,0.614397,0.042698,0.600000,0.042703,0.600000,0.042703,0.600000,0,14.050596,0.050032,0.035365,0.600000,0.580000,0.220000
1772476904,826842920,-0.806487,-0.671138,2.644504,-1.077827,-1.401900,-1.544524,1,0.042797,0.586697,0.042703,0.600000,0.042949,0.600000,0.042949,0.600000,0,13.970149,0.050036,0.035369,0.600000,0.580000,0.220000
1772476904,876919424,-0.808420,-0.670460,2.674254,-1.083598,-1.402787,-1.511472,1,0.043175,0.595998,0.042949,0.600000,0.043539,0.600000,0.043539,0.600000,0,13.780865,0.050282,0.035615,0.600000,0.580000,0.220000
1772476904,901979116,-0.808947,-0.669791,2.689306,-1.083912,-1.403578,-1.496419,1,0.043849,0.605597,0.043539,0.600000,0.043781,0.600000,0.043781,0.600000,0,13.704526,0.050872,0.036205,0.600000,0.580000,0.220000
1772476904,927002497,-0.809636,-0.668298,2.704568,-1.084856,-1.404924,-1.481157,1,0.043848,0.602517,0.043781,0.600000,0.043786,0.600000,0.043786,0.600000,0,13.703097,0.051114,0.036448,0.600000,0.580000,0.220000
1772476904,977084627,-0.811821,-0.668383,2.734183,-1.081849,-1.407496,-1.451520,1,0.043959,0.598501,0.043786,0.600000,0.044065,0.600000,0.044065,0.600000,0,13.616343,0.051119,0.036452,0.600000,0.580000,0.220000
1772476905,2164787,-0.813234,-0.668137,2.748924,-1.081352,-1.408842,-1.436780,1,0.044219,0.612056,0.044065,0.600000,0.044133,0.600000,0.044133,0.600000,0,13.595357,0.051398,0.036731,0.600000,0.580000,0.220000
1772476905,27187307,-0.814067,-0.668429,2.763739,-1.080680,-1.409415,-1.421965,1,0.043698,0.588013,0.044133,0.600000,0.044526,0.600000,0.044526,0.600000,0,13.475235,0.051466,0.036799,0.600000,0.580000,0.220000
1772476905,77268017,-0.816386,-0.667336,2.793917,-1.083195,-1.413663,-1.387157,1,0.044689,0.593548,0.044526,0.600000,0.044102,0.600000,0.044102,0.600000,0,13.604924,0.051859,0.037193,0.600000,0.580000,0.220000
1772476905,102359845,-0.818099,-0.666166,2.809091,-1.083335,-1.415732,-1.371983,1,0.044124,0.606145,0.044102,0.600000,0.043896,0.600000,0.043896,0.600000,0,13.668793,0.051435,0.036768,0.600000,0.580000,0.220000
1772476905,127380413,-0.819379,-0.665870,2.824216,-1.082942,-1.416986,-1.356858,1,0.044053,0.602248,0.043896,0.600000,0.044025,0.600000,0.044025,0.600000,0,13.628538,0.051229,0.036562,0.600000,0.580000,0.220000
1772476905,177454907,-0.822657,-0.664960,2.853893,-1.084097,-1.421083,-1.327372,1,0.044214,0.598165,0.044025,0.600000,0.043583,0.600000,0.043583,0.600000,0,13.766749,0.051359,0.036692,0.600000,0.580000,0.220000
1772476905,202513414,-0.823677,-0.665130,2.869179,-1.083434,-1.421877,-1.312086,1,0.043457,0.612090,0.043583,0.600000,0.043903,0.600000,0.043903,0.600000,0,13.666583,0.050917,0.036250,0.600000,0.580000,0.220000
1772476905,227507141,-0.824017,-0.665360,2.883942,-1.083063,-1.422053,-1.297323,1,0.043954,0.600379,0.043903,0.600000,0.044432,0.600000,0.044432,0.600000,0,13.503726,0.051236,0.036569,0.600000,0.580000,0.220000
1772476905,277618710,-0.827328,-0.663536,2.914655,-1.083754,-1.427383,-1.268306,1,0.043966,0.602518,0.044432,0.600000,0.043562,0.600000,0.043562,0.600000,0,13.773560,0.051766,0.037099,0.600000,0.580000,0.220000
1772476905,302796980,-0.828461,-0.663587,2.929500,-1.083137,-1.428335,-1.253462,1,0.043490,0.605997,0.043562,0.600000,0.043810,0.600000,0.043810,0.600000,0,13.695659,0.050895,0.036228,0.600000,0.580000,0.220000
1772476905,327724239,-0.829081,-0.663660,2.944390,-1.082762,-1.428833,-1.238571,1,0.043662,0.594224,0.043810,0.600000,0.044222,0.600000,0.044222,0.600000,0,13.567998,0.051143,0.036476,0.600000,0.580000,0.220000
1772476905,352746213,-0.830699,-0.663981,2.958878,-1.081660,-1.429932,-1.224351,1,0.043811,0.603845,0.044222,0.600000,0.044424,0.600000,0.044424,0.600000,0,13.506096,0.051555,0.036888,0.600000,0.580000,0.220000
1772476905,402871249,-0.832100,-0.664258,2.988455,-1.080625,-1.429266,-1.198206,1,0.044556,0.596132,0.044424,0.600000,0.045834,0.600000,0.045834,0.600000,0,13.090655,0.051758,0.037091,0.600000,0.580000,0.220000
1772476905,427888486,-0.833487,-0.663924,3.003928,-1.080217,-1.430634,-1.182733,1,0.045481,0.615699,0.045834,0.600000,0.045971,0.600000,0.045971,0.600000,0,13.051667,0.053168,0.038501,0.600000,0.580000,0.220000
1772476905,477998327,-0.835889,-0.663886,3.034045,-1.079610,-1.437513,-1.154982,1,0.045748,0.591321,0.045971,0.600000,0.044459,0.600000,0.044459,0.600000,0,13.495504,0.053304,0.038638,0.600000,0.580000,0.220000
1772476905,503063562,-0.836749,-0.663638,3.048633,-1.079395,-1.438382,-1.140395,1,0.044364,0.591628,0.044459,0.600000,0.044733,0.600000,0.044733,0.600000,0,13.412786,0.051793,0.037126,0.600000,0.580000,0.220000
1772476905,528012016,-0.838844,-0.664264,3.063787,-1.077806,-1.439884,-1.125241,1,0.044800,0.589486,0.044733,0.600000,0.044851,0.600000,0.044851,0.600000,0,13.377765,0.052067,0.037400,0.600000,0.580000,0.220000
1772476905,578100152,-0.841099,-0.661864,3.094436,-1.081228,-1.442734,-1.096419,1,0.044733,0.601546,0.044851,0.600000,0.044823,0.600000,0.044823,0.600000,0,13.386073,0.052184,0.037517,0.600000,0.580000,0.220000
1772476905,603151234,-0.842679,-0.663444,3.109184,-1.079071,-1.443316,-1.081671,1,0.044401,0.604159,0.044823,0.600000,0.045305,0.600000,0.045305,0.600000,0,13.243697,0.052156,0.037489,0.600000,0.580000,0.220000
1772476905,628184209,-0.843612,-0.664205,3.123572,-1.077946,-1.443746,-1.067283,1,0.045229,0.584312,0.045305,0.600000,0.045805,0.600000,0.045805,0.600000,0,13.099130,0.052638,0.037971,0.600000,0.580000,0.220000
1772476905,653221029,-0.844397,-0.664061,3.138997,-1.077620,-1.444806,-1.051428,1,0.045893,0.607429,0.045805,0.600000,0.046093,0.600000,0.046093,0.600000,0,13.017269,0.053138,0.038471,0.600000,0.580000,0.220000
1772476905,703314923,-0.847483,-0.663927,-3.114387,-1.075376,-1.451762,-1.015718,1,0.046046,0.603388,0.046093,0.600000,0.044988,0.600000,0.044988,0.600000,0,13.337001,0.053426,0.038759,0.600000,0.580000,0.220000
1772476905,728391624,-0.848168,-0.663192,-3.099185,-1.075666,-1.452725,-1.000515,1,0.045055,0.612340,0.044988,0.600000,0.045248,0.600000,0.045248,0.600000,0,13.260110,0.052321,0.037654,0.600000,0.580000,0.220000
1772476905,753411346,-0.849237,-0.664748,-3.084557,-1.073768,-1.452692,-0.985931,1,0.044886,0.584576,0.045248,0.600000,0.045968,0.600000,0.045968,0.600000,0,13.052548,0.052582,0.037915,0.600000,0.580000,0.220000
1772476905,803437235,-0.851214,-0.664532,-3.054693,-1.072754,-1.452102,-0.956683,1,0.046086,0.607659,0.045968,0.600000,0.047637,0.600000,0.047637,0.600000,0,12.595205,0.053301,0.038635,0.600000,0.580000,0.220000
1772476905,828515816,-0.852898,-0.665223,-3.039910,-1.071310,-1.453210,-0.941900,1,0.047968,0.599009,0.047637,0.600000,0.047936,0.600000,0.047936,0.600000,0,12.516599,0.054971,0.040304,0.600000,0.580000,0.220000
1772476905,878582402,-0.855136,-0.664633,-3.009967,-1.070569,-1.455593,-0.914328,1,0.047786,0.604874,0.047936,0.600000,0.048272,0.600000,0.048272,0.600000,0,12.429464,0.055270,0.040603,0.600000,0.580000,0.220000
1772476905,903683335,-0.856691,-0.666277,-2.995156,-1.068366,-1.456115,-0.899517,1,0.048127,0.603076,0.048272,0.600000,0.048902,0.600000,0.048902,0.600000,0,12.269381,0.055606,0.040939,0.600000,0.580000,0.220000
1772476905,928656766,-0.858023,-0.666113,-2.980508,-1.067841,-1.457350,-0.884869,1,0.049121,0.605640,0.048902,0.600000,0.049113,0.600000,0.049113,0.600000,0,12.216810,0.056236,0.041569,0.600000,0.580000,0.220000
1772476905,978765322,-0.860298,-0.667384,-2.950415,-1.067421,-1.461086,-0.852471,1,0.049468,0.596298,0.049113,0.600000,0.049055,0.600000,0.049055,0.600000,0,12.231279,0.056446,0.041779,0.600000,0.580000,0.220000
1772476906,3851477,-0.861889,-0.667181,-2.934801,-1.066795,-1.462563,-0.836857,1,0.048962,0.607233,0.049055,0.600000,0.049202,0.600000,0.049202,0.600000,0,12.194512,0.056388,0.041721,0.600000,0.580000,0.220000
1772476906,28853581,-0.863367,-0.666948,-2.919917,-1.066253,-1.463958,-0.821972,1,0.049031,0.592946,0.049202,0.600000,0.049349,0.600000,0.049349,0.600000,0,12.158270,0.056536,0.041869,0.600000,0.580000,0.220000
1772476906,78890513,-0.865343,-0.668792,-2.890066,-1.062484,-1.465059,-0.799515,1,0.049292,0.598494,0.049349,0.600000,0.050219,0.600000,0.050219,0.600000,0,11.947665,0.056682,0.042016,0.600000,0.580000,0.220000
1772476906,103983471,-0.866682,-0.669223,-2.875647,-1.061445,-1.466006,-0.785096,1,0.050346,0.588936,0.050219,0.600000,0.050607,0.600000,0.050607,0.600000,0,11.856073,0.057552,0.042886,0.600000,0.580000,0.220000
1772476906,129015403,-0.868540,-0.669170,-2.860134,-1.060568,-1.467646,-0.769582,1,0.050750,0.607404,0.050607,0.600000,0.050687,0.600000,0.050687,0.600000,0,11.837352,0.057940,0.043274,0.600000,0.580000,0.220000
1772476906,154038697,-0.869345,-0.669636,-2.845322,-1.059683,-1.468208,-0.754840,1,0.051033,0.590822,0.050687,0.600000,0.051309,0.600000,0.051309,0.600000,0,11.693817,0.058020,0.043354,0.600000,0.580000,0.220000
1772476906,204141675,-0.871400,-0.671117,-2.815780,-1.056218,-1.470631,-0.726294,1,0.051318,0.596905,0.051309,0.600000,0.051877,0.600000,0.051877,0.600000,0,11.565733,0.058643,0.043976,0.600000,0.580000,0.220000
1772476906,229225589,-0.871981,-0.672406,-2.801195,-1.054811,-1.470496,-0.711709,1,0.052009,0.592095,0.051877,0.600000,0.052966,0.600000,0.052966,0.600000,0,11.328021,0.059211,0.044544,0.600000,0.580000,0.220000
1772476906,254175955,-0.874893,-0.672911,-2.786061,-1.053068,-1.472952,-0.696579,1,0.053336,0.607834,0.052966,0.600000,0.052578,0.600000,0.052578,0.600000,0,11.411709,0.060299,0.045633,0.600000,0.580000,0.220000
1772476906,304332700,-0.877088,-0.673387,-2.755874,-1.053685,-1.477316,-0.666446,1,0.052734,0.596163,0.052578,0.600000,0.051936,0.600000,0.051936,0.600000,0,11.552588,0.059911,0.045244,0.600000,0.580000,0.220000
1772476906,329298209,-0.877984,-0.674252,-2.741094,-1.052489,-1.477665,-0.651666,1,0.051737,0.617901,0.051936,0.600000,0.052739,0.600000,0.052739,0.600000,0,11.376691,0.059270,0.044603,0.600000,0.580000,0.220000
1772476906,379376288,-0.880824,-0.675506,-2.711366,-1.046994,-1.481505,-0.623722,1,0.052932,0.591029,0.052739,0.600000,0.052529,0.600000,0.052529,0.600000,0,11.422309,0.060073,0.045406,0.600000,0.580000,0.220000
1772476906,404426809,-0.882426,-0.677324,-2.696378,-1.044622,-1.481999,-0.608734,1,0.052617,0.599551,0.052529,0.600000,0.053328,0.600000,0.053328,0.600000,0,11.251141,0.059862,0.045195,0.600000,0.580000,0.220000
1772476906,429483234,-0.884179,-0.677537,-2.680691,-1.043570,-1.483419,-0.593047,1,0.053300,0.622413,0.053328,0.600000,0.053559,0.600000,0.053559,0.600000,0,11.202603,0.060661,0.045995,0.600000,0.580000,0.220000
1772476906,454461411,-0.885390,-0.677521,-2.665312,-1.043073,-1.484536,-0.577624,1,0.053734,0.607389,0.053559,0.600000,0.053940,0.600000,0.053940,0.600000,0,11.123553,0.060892,0.046226,0.600000,0.580000,0.220000
1772476906,504574000,-0.887646,-0.679242,-2.636085,-1.041811,-1.486524,-0.547718,1,0.054105,0.600504,0.053940,0.600000,0.054829,0.600000,0.054829,0.600000,0,10.943189,0.061273,0.046606,0.600000,0.580000,0.220000
1772476906,529661986,-0.887760,-0.679742,-2.621013,-1.041320,-1.486376,-0.532646,1,0.055139,0.587517,0.054829,0.600000,0.056084,0.600000,0.056084,0.600000,0,10.698253,0.062162,0.047495,0.600000,0.580000,0.220000
1772476906,554651787,-0.889184,-0.680536,-2.606313,-1.039873,-1.487416,-0.518244,1,0.056308,0.616342,0.056084,0.600000,0.056535,0.600000,0.056535,0.600000,0,10.612893,0.063417,0.048751,0.600000,0.580000,0.220000
1772476906,604800735,-0.890798,-0.682131,-2.577277,-1.036939,-1.490894,-0.493559,1,0.056388,0.598575,0.056535,0.600000,0.056102,0.600000,0.056102,0.600000,0,10.694788,0.063868,0.049202,0.600000,0.580000,0.220000
1772476906,629819248,-0.892570,-0.683991,-2.562784,-1.034449,-1.491525,-0.479065,1,0.056345,0.610572,0.056102,0.600000,0.056900,0.600000,0.056900,0.600000,0,10.544742,0.063435,0.048769,0.600000,0.580000,0.220000
1772476906,654828910,-0.894695,-0.684237,-2.547081,-1.033126,-1.493328,-0.463399,1,0.056109,0.601118,0.056900,0.600000,0.056879,0.600000,0.056879,0.600000,0,10.548666,0.064234,0.049567,0.600000,0.580000,0.220000
1772476906,704963432,-0.896454,-0.686294,-2.517394,-1.029497,-1.494929,-0.434245,1,0.056660,0.605868,0.056879,0.600000,0.058234,0.600000,0.058234,0.600000,0,10.303200,0.064213,0.049546,0.600000,0.580000,0.220000
1772476906,729928031,-0.898209,-0.686428,-2.502084,-1.028520,-1.496392,-0.418935,1,0.058323,0.607176,0.058234,0.600000,0.058425,0.600000,0.058425,0.600000,0,10.269603,0.065568,0.050901,0.600000,0.580000,0.220000
1772476906,754959492,-0.899036,-0.686524,-2.486741,-1.028143,-1.496975,-0.403621,1,0.058533,0.593311,0.058425,0.600000,0.059302,0.600000,0.059302,0.600000,0,10.117693,0.065758,0.051092,0.600000,0.580000,0.220000
1772476906,805188828,-0.902447,-0.688790,-2.457207,-1.026195,-1.497453,-0.374533,1,0.059258,0.613087,0.059302,0.600000,0.061692,0.600000,0.061692,0.600000,0,9.725801,0.066635,0.051969,0.600000,0.580000,0.220000
1772476906,830116803,-0.904218,-0.689252,-2.442217,-1.024925,-1.498771,-0.359543,1,0.061686,0.595247,0.061692,0.600000,0.062020,0.600000,0.062020,0.600000,0,9.674367,0.069025,0.054358,0.600000,0.580000,0.220000
1772476906,855193774,-0.904678,-0.690770,-2.427179,-1.023533,-1.498368,-0.344877,1,0.062130,0.603727,0.062020,0.600000,0.063989,0.600000,0.063989,0.600000,0,9.376663,0.069353,0.054686,0.600000,0.580000,0.220000
1772476906,905252361,-0.905917,-0.693278,-2.397380,-1.022965,-1.497396,-0.320289,1,0.064177,0.599486,0.063989,0.600000,0.067863,0.600000,0.067863,0.600000,0,8.841405,0.071322,0.056655,0.600000,0.580000,0.220000
1772476906,930355616,-0.908587,-0.693730,-2.382395,-1.021275,-1.499512,-0.305305,1,0.068367,0.606159,0.067863,0.600000,0.067388,0.600000,0.067388,0.600000,0,8.903657,0.075196,0.060529,0.600000,0.580000,0.220000
1772476906,955312486,-0.909334,-0.694535,-2.367003,-1.020357,-1.499782,-0.290311,1,0.067563,0.599971,0.067388,0.600000,0.068986,0.600000,0.068986,0.600000,0,8.697367,0.074721,0.060055,0.600000,0.580000,0.220000
1772476907,5409051,-0.911452,-0.697281,-2.337246,-1.019116,-1.500423,-0.266369,1,0.068976,0.600634,0.068986,0.600000,0.071438,0.600000,0.071438,0.600000,0,8.398857,0.076320,0.061653,0.600000,0.580000,0.220000
1772476907,30516592,-0.912466,-0.697619,-2.321871,-1.018333,-1.501151,-0.250994,1,0.071075,0.593766,0.071438,0.600000,0.072690,0.600000,0.072690,0.600000,0,8.254227,0.078772,0.064105,0.600000,0.580000,0.220000
1772476907,55564522,-0.914214,-0.698542,-2.307724,-1.016737,-1.502430,-0.237096,1,0.072357,0.602171,0.072690,0.600000,0.073076,0.600000,0.073076,0.600000,0,8.210638,0.080023,0.065357,0.600000,0.580000,0.220000
1772476907,105612601,-0.916294,-0.701516,-2.277383,-1.013873,-1.505533,-0.210329,1,0.072940,0.602909,0.073076,0.600000,0.072896,0.600000,0.072896,0.600000,0,8.230876,0.080409,0.065743,0.600000,0.580000,0.220000
1772476907,130606280,-0.917596,-0.704580,-2.262908,-1.010559,-1.505220,-0.195853,1,0.073050,0.600331,0.072896,0.600000,0.075771,0.600000,0.075771,0.600000,0,7.918582,0.080230,0.065563,0.600000,0.580000,0.220000
1772476907,155683500,-0.918658,-0.704139,-2.247329,-1.010676,-1.506138,-0.180354,1,0.076144,0.608515,0.075771,0.600000,0.081866,0.600000,0.081866,0.600000,0,7.329064,0.083104,0.068438,0.600000,0.580000,0.220000
1772476907,205819200,-0.920759,-0.707174,-2.217046,-1.010358,-1.503339,-0.151213,1,0.082381,0.624592,0.081866,0.600000,0.089199,0.580000,0.089199,0.580000,0,5.638393,0.089199,0.074533,0.600000,0.580000,0.220000
1772476907,230773523,-0.922409,-0.708795,-2.202136,-1.008147,-1.504020,-0.136303,1,0.088875,0.567814,0.089199,0.580000,0.096533,0.560000,0.096533,0.560000,0,4.819914,0.096533,0.081866,0.600000,0.560000,0.220000
1772476907,255795752,-0.923723,-0.710151,-2.187867,-1.006627,-1.504416,-0.121994,1,0.098073,0.633066,0.096533,0.560000,0.103866,0.540000,0.103866,0.540000,0,3.933151,0.103866,0.089199,0.580000,0.540000,0.220000
1772476907,305987467,-0.925630,-0.714753,-2.159365,-1.005981,-1.502224,-0.092910,1,0.105092,0.598741,0.103866,0.540000,0.111199,0.520000,0.111199,0.520000,0,2.973023,0.111199,0.096533,0.560000,0.520000,0.220000
1772476907,330967689,-0.927895,-0.716516,-2.145218,-1.003353,-1.503378,-0.078762,1,0.111369,0.522118,0.111199,0.520000,0.118533,0.500000,0.118533,0.500000,0,2.605118,0.118533,0.103866,0.540000,0.500000,0.220000
1772476907,356032278,-0.929268,-0.719088,-2.131857,-1.000580,-1.503306,-0.065560,1,0.120123,0.564267,0.118533,0.500000,0.125866,0.480000,0.125866,0.480000,0,2.135497,0.125866,0.111199,0.520000,0.480000,0.220000
1772476907,406033090,-0.932306,-0.724911,-2.106014,-0.995927,-1.502457,-0.041862,1,0.127431,0.530674,0.125866,0.480000,0.133199,0.460000,0.133199,0.460000,0,1.633985,0.133199,0.118533,0.500000,0.460000,0.220000
1772476907,431105678,-0.934377,-0.727727,-2.093510,-0.992466,-1.502947,-0.029357,1,0.133106,0.461809,0.133199,0.460000,0.140533,0.440000,0.140533,0.440000,0,1.409537,0.140533,0.125866,0.480000,0.440000,0.220000
1772476907,456157620,-0.936144,-0.731210,-2.082048,-0.988681,-1.502612,-0.017956,1,0.142721,0.488754,0.140533,0.440000,0.147866,0.420000,0.147866,0.420000,0,1.119066,0.147866,0.133199,0.460000,0.420000,0.220000
1772476907,506124554,-0.940711,-0.738114,-2.058709,-0.982100,-1.500036,0.004553,1,0.148991,0.476405,0.147866,0.420000,0.155199,0.400000,0.155199,0.400000,0,0.728944,0.155199,0.140533,0.440000,0.400000,0.220000
1772476907,531183322,-0.942382,-0.742934,-2.048119,-0.977064,-1.499229,0.015142,1,0.155423,0.385913,0.155199,0.400000,0.162533,0.380000,0.162533,0.380000,0,0.548722,0.162533,0.147866,0.420000,0.380000,0.220000
1772476907,556168277,-0.944291,-0.746172,-2.037613,-0.973438,-1.499447,0.025698,1,0.165687,0.429479,0.162533,0.380000,0.169866,0.360000,0.169866,0.360000,0,0.400757,0.169866,0.155199,0.400000,0.360000,0.220000
1772476907,606190106,-0.947185,-0.752339,-2.018758,-0.968673,-1.500102,0.045315,1,0.174345,0.404136,0.169866,0.360000,0.177199,0.340000,0.177199,0.340000,0,0.226196,0.177199,0.162533,0.380000,0.340000,0.220000
1772476907,631229979,-0.949256,-0.755299,-2.009689,-0.965086,-1.500525,0.054383,1,0.177460,0.328069,0.177199,0.340000,0.184533,0.320000,0.184533,0.320000,0,0.158823,0.184533,0.169866,0.360000,0.320000,0.220000
1772476907,656213651,-0.950847,-0.759902,-2.001101,-0.960578,-1.499693,0.062947,1,0.190524,0.394900,0.184533,0.320000,0.191866,0.300000,0.191866,0.300000,0,0.039746,0.191866,0.177199,0.340000,0.300000,0.220000
1772476907,706246090,-0.955122,-0.771095,-1.984474,-0.953825,-1.497258,0.079132,1,0.196740,0.353610,0.191866,0.300000,0.184533,0.280000,0.184533,0.280000,0,-0.135484,0.199199,0.184533,0.320000,0.280000,0.220000
1772476907,731256049,-0.954919,-0.774007,-1.978061,-0.951356,-1.495701,0.085545,1,0.184672,0.280569,0.184533,0.280000,0.177199,0.260000,0.177199,0.260000,0,-0.210363,0.191866,0.177199,0.300000,0.260000,0.220000
1772476907,756307742,-0.958068,-0.779469,-1.970511,-0.945141,-1.495977,0.093163,1,0.174836,0.226949,0.177199,0.260000,0.169866,0.240000,0.169866,0.240000,0,-0.251923,0.184533,0.169866,0.280000,0.240000,0.220000
1772476907,806312006,-0.960771,-0.784845,-1.957242,-0.940656,-1.497316,0.107639,1,0.168605,0.214283,0.169866,0.240000,0.162533,0.220000,0.162533,0.220000,0,-0.318421,0.177199,0.162533,0.260000,0.220000,0.220000
1772476907,831335242,-0.961614,-0.789050,-1.950567,-0.936554,-1.496065,0.114314,1,0.162587,0.217972,0.162533,0.220000,0.155199,0.200000,0.155199,0.200000,0,-0.408769,0.169866,0.155199,0.240000,0.200000,0.220000
1772476907,856378734,-0.964933,-0.794058,-1.943599,-0.930642,-1.496735,0.121103,1,0.153547,0.177079,0.155199,0.200000,0.147866,0.180000,0.147866,0.180000,0,-0.437097,0.162533,0.147866,0.220000,0.180000,0.220000
1772476907,906336611,-0.967661,-0.800382,-1.933033,-0.925216,-1.498624,0.128067,1,0.146221,0.156143,0.147866,0.180000,0.140533,0.160000,0.140533,0.160000,0,-0.414182,0.155199,0.140533,0.200000,0.160000,0.220000
1772476907,931271584,-0.968128,-0.806697,-1.929590,-0.919425,-1.496063,0.131511,1,0.140266,0.160386,0.140533,0.160000,0.133199,0.140000,0.133199,0.140000,0,-0.548342,0.147866,0.133199,0.180000,0.140000,0.220000
1772476907,956388741,-0.970081,-0.809167,-1.925537,-0.916392,-1.496561,0.135481,1,0.131162,0.122716,0.133199,0.140000,0.125866,0.120000,0.125866,0.120000,0,-0.554056,0.140533,0.125866,0.160000,0.120000,0.220000
1772476908,6327922,-0.971398,-0.813941,-1.917985,-0.913033,-1.494106,0.141189,1,0.124828,0.107467,0.125866,0.120000,0.118533,0.100000,0.118533,0.100000,0,-0.742128,0.133199,0.118533,0.140000,0.100000,0.220000
1772476908,31302480,-0.972335,-0.816229,-1.914752,-0.910574,-1.493860,0.144421,1,0.118600,0.107432,0.118533,0.100000,0.111199,0.080000,0.111199,0.080000,0,-0.793420,0.125866,0.111199,0.120000,0.080000,0.220000
1772476908,56440832,-0.974299,-0.820268,-1.910991,-0.906107,-1.493714,0.148209,1,0.109461,0.055013,0.111199,0.080000,0.103866,0.060000,0.103866,0.060000,0,-0.844660,0.118533,0.103866,0.100000,0.060000,0.220000
1772476908,106480404,-0.976373,-0.828281,-1.905638,-0.898669,-1.492184,0.154314,1,0.102014,0.054282,0.103866,0.060000,0.096533,0.040000,0.096533,0.040000,0,-1.042607,0.111199,0.096533,0.080000,0.040000,0.220000
1772476908,131502118,-0.976542,-0.830173,-1.904885,-0.896920,-1.491444,0.155067,1,0.096251,0.047765,0.096533,0.040000,0.089199,0.020000,0.089199,0.020000,0,-1.126026,0.103866,0.089199,0.060000,0.020000,0.220000
1772476908,156506339,-0.977311,-0.830619,-1.903900,-0.896111,-1.491781,0.156132,1,0.087954,0.009611,0.089199,0.020000,0.081866,-0.000000,0.081866,-0.000000,0,-1.104728,0.096533,0.081866,0.040000,-0.000000,0.220000
1772476908,206452406,-0.978020,-0.834930,-1.904058,-0.890403,-1.486503,0.158306,1,0.080076,-0.026572,0.081866,-0.000000,0.074533,-0.020000,0.074533,-0.020000,0,-1.841944,0.089199,0.074533,0.020000,-0.020000,0.220000
1772476908,231572327,-0.978792,-0.837227,-1.903551,-0.888013,-1.486100,0.158813,1,0.075031,-0.013726,0.074533,-0.020000,0.067199,-0.040000,0.067199,-0.040000,0,-1.979260,0.081866,0.067199,-0.000000,-0.040000,0.220000
1772476908,256561817,-0.979414,-0.838417,-1.903851,-0.886755,-1.486132,0.158527,1,0.065388,-0.059207,0.067199,-0.040000,0.059866,-0.060000,0.059866,-0.060000,0,-1.993769,0.074533,0.059866,-0.020000,-0.060000,0.220000
1772476908,306605358,-0.980888,-0.841872,-1.904645,-0.885675,-1.487242,0.158171,1,0.058190,-0.075392,0.059866,-0.060000,0.052533,-0.080000,0.052533,-0.080000,0,-1.805425,0.067199,0.052533,-0.040000,-0.080000,0.220000
1772476908,331651146,-0.981226,-0.843212,-1.906038,-0.884334,-1.486907,0.156778,1,0.052764,-0.087451,0.052533,-0.080000,0.054448,-0.100000,0.054448,-0.100000,0,-1.836617,0.059866,0.045199,-0.060000,-0.100000,0.220000
1772476908,356716243,-0.982521,-0.845346,-1.907328,-0.881860,-1.487060,0.155537,1,0.054735,-0.091544,0.054448,-0.100000,0.061781,-0.110587,0.061781,-0.110587,0,-1.789970,0.061781,0.047115,-0.080000,-0.120000,0.220000
1772476908,406743721,-0.983246,-0.848087,-1.912813,-0.879719,-1.487084,0.151801,1,0.062985,-0.091477,0.061781,-0.110587,0.069115,-0.118815,0.069115,-0.118815,0,-1.719105,0.069115,0.054448,-0.090587,-0.130587,0.220000
1772476908,431753083,-0.982808,-0.848024,-1.917521,-0.879982,-1.486728,0.147093,1,0.069089,-0.112896,0.069115,-0.118815,0.076448,-0.129390,0.076448,-0.129390,0,-1.692527,0.076448,0.061781,-0.098815,-0.138815,0.220000
1772476908,456777439,-0.983797,-0.850901,-1.920763,-0.876980,-1.486235,0.143851,1,0.077510,-0.088624,0.076448,-0.129390,0.083781,-0.139923,0.083781,-0.139923,0,-1.670102,0.083781,0.069115,-0.109390,-0.149390,0.220000
1772476908,506795516,-0.984662,-0.853548,-1.925880,-0.871407,-1.490723,0.144100,1,0.085527,-0.120718,0.083781,-0.139923,0.091115,-0.119923,0.091115,-0.119923,0,-1.037605,0.091115,0.076448,-0.119923,-0.159923,0.220000
1772476908,531891099,-0.985189,-0.855318,-1.929246,-0.869600,-1.490339,0.140734,1,0.091514,-0.131114,0.091115,-0.119923,0.098448,-0.101414,0.098448,-0.101414,0,-1.030129,0.098448,0.083781,-0.099923,-0.139923,0.220000
1772476908,556828459,-0.986702,-0.856943,-1.932308,-0.867449,-1.490889,0.137672,1,0.098982,-0.100911,0.098448,-0.101414,0.105781,-0.097689,0.105781,-0.097689,0,-0.923504,0.105781,0.091115,-0.081414,-0.121414,0.220000
1772476908,606916966,-0.988172,-0.862515,-1.938050,-0.861853,-1.489513,0.131929,1,0.107096,-0.073540,0.105781,-0.097689,0.113115,-0.106300,0.113115,-0.106300,0,-0.939758,0.113115,0.098448,-0.077689,-0.117689,0.220000
1772476908,631935610,-0.988876,-0.864732,-1.940816,-0.859639,-1.488957,0.129146,1,0.113388,-0.098534,0.113115,-0.106300,0.120448,-0.110787,0.120448,-0.110787,0,-0.919792,0.120448,0.105781,-0.086300,-0.126300,0.220000
1772476908,656968230,-0.990102,-0.867943,-1.942143,-0.858598,-1.484611,0.127203,1,0.122094,-0.100356,0.120448,-0.110787,0.116988,-0.130787,0.116988,-0.130787,0,-1.117955,0.127781,0.113115,-0.090787,-0.130787,0.220000
1772476908,707044847,-0.991657,-0.872113,-1.947995,-0.854193,-1.483983,0.121351,1,0.116414,-0.132974,0.116988,-0.130787,0.124321,-0.141402,0.124321,-0.141402,0,-1.137389,0.124321,0.109654,-0.110787,-0.150787,0.220000
1772476908,732038565,-0.992897,-0.874942,-1.951109,-0.851115,-1.483719,0.118237,1,0.124369,-0.146237,0.124321,-0.141402,0.131654,-0.137856,0.131654,-0.137856,0,-1.047102,0.131654,0.116988,-0.121402,-0.161402,0.220000
1772476908,757092125,-0.993638,-0.878044,-1.955076,-0.848036,-1.482887,0.114271,1,0.133281,-0.145128,0.131654,-0.137856,0.138988,-0.135817,0.138988,-0.135817,0,-0.977184,0.138988,0.124321,-0.117856,-0.157856,0.220000
1772476908,807111433,-0.995873,-0.883993,-1.961299,-0.841720,-1.481961,0.108110,1,0.141222,-0.127767,0.138988,-0.135817,0.146321,-0.131218,0.146321,-0.131218,0,-0.896781,0.146321,0.131654,-0.115817,-0.155817,0.220000
1772476908,832177587,-0.998148,-0.886334,-1.964358,-0.837911,-1.481471,0.106923,1,0.146109,-0.138094,0.146321,-0.131218,0.153654,-0.133626,0.153654,-0.133626,0,-0.869653,0.153654,0.138988,-0.111218,-0.151218,0.220000
1772476908,857208457,-0.998790,-0.888822,-1.967797,-0.835421,-1.480840,0.103484,1,0.155465,-0.116138,0.153654,-0.133626,0.160988,-0.129085,0.160988,-0.129085,0,-0.801830,0.160988,0.146321,-0.113626,-0.153626,0.220000
1772476908,907261331,-1.001691,-0.895927,-1.974398,-0.827795,-1.479976,0.096882,1,0.162219,-0.118978,0.160988,-0.129085,0.168321,-0.123036,0.168321,-0.123036,0,-0.730962,0.168321,0.153654,-0.109085,-0.149085,0.220000
1772476908,932263637,-1.002959,-0.900297,-1.977904,-0.823353,-1.478991,0.093376,1,0.168924,-0.113691,0.168321,-0.123036,0.175654,-0.122024,0.175654,-0.122024,0,-0.694680,0.175654,0.160988,-0.103036,-0.143036,0.220000
1772476908,957291060,-1.003375,-0.903900,-1.981429,-0.819992,-1.477628,0.089852,1,0.176663,-0.110453,0.175654,-0.122024,0.182988,-0.121802,0.182988,-0.121802,0,-0.665628,0.182988,0.168321,-0.102024,-0.142024,0.220000
1772476909,7372168,-1.007274,-0.910172,-1.987412,-0.812618,-1.478038,0.083869,1,0.184260,-0.111266,0.182988,-0.121802,0.190321,-0.108410,0.190321,-0.108410,0,-0.569616,0.190321,0.175654,-0.101802,-0.141802,0.220000
1772476909,32377316,-1.009339,-0.914401,-1.990329,-0.807917,-1.477821,0.080952,1,0.190339,-0.107385,0.190321,-0.108410,0.197654,-0.104100,0.197654,-0.104100,0,-0.526676,0.197654,0.182988,-0.088410,-0.128410,0.220000
1772476909,57427847,-1.011359,-0.918722,-1.993470,-0.803157,-1.477520,0.077811,1,0.200192,-0.104280,0.197654,-0.104100,0.204988,-0.097166,0.204988,-0.097166,0,-0.474011,0.204988,0.190321,-0.084100,-0.124100,0.220000
1772476909,107528851,-1.015143,-0.928477,-1.997867,-0.792783,-1.476159,0.073413,1,0.206456,-0.116684,0.204988,-0.097166,0.212321,-0.094850,0.212321,-0.094850,0,-0.446730,0.212321,0.197654,-0.077166,-0.117166,0.220000
1772476909,132593677,-1.016714,-0.932880,-2.000157,-0.788166,-1.475424,0.071123,1,0.212504,-0.092170,0.212321,-0.094850,0.219654,-0.093429,0.219654,-0.093429,0,-0.425345,0.219654,0.204988,-0.074850,-0.114850,0.220000
1772476909,157566459,-1.019721,-0.936942,-2.002373,-0.783159,-1.476113,0.068907,1,0.222125,-0.091185,0.219654,-0.093429,0.220000,-0.082453,0.220000,-0.082453,0,-0.374786,0.220000,0.212321,-0.073429,-0.113429,0.220000
1772476909,207717812,-1.023660,-0.948205,-2.006941,-0.771388,-1.474165,0.064340,1,0.220046,-0.087959,0.220000,-0.082453,0.220000,-0.082492,0.220000,-0.082492,0,-0.374964,0.220000,0.212667,-0.062453,-0.102453,0.220000
1772476909,232678596,-1.026101,-0.953343,-2.009097,-0.765708,-1.473841,0.062183,1,0.219779,-0.098297,0.220000,-0.082492,0.220000,-0.080215,0.220000,-0.080215,0,-0.364613,0.220000,0.212667,-0.062492,-0.102492,0.220000
1772476909,257737562,-1.028056,-0.958887,-2.010928,-0.759885,-1.472914,0.060334,1,0.219759,-0.092383,0.220000,-0.080215,0.220000,-0.080634,0.220000,-0.080634,0,-0.366520,0.220000,0.212667,-0.060215,-0.100215,0.220000
1772476909,307799960,-1.032351,-0.968283,-2.013139,-0.749163,-1.472558,0.057741,1,0.219569,-0.082401,0.220000,-0.080634,0.220000,-0.077110,0.220000,-0.077110,0,-0.350500,0.220000,0.212667,-0.060634,-0.100634,0.220000
1772476909,332837846,-1.034498,-0.973263,-2.014178,-0.743764,-1.472054,0.056702,1,0.219538,-0.068917,0.220000,-0.077110,0.220000,-0.076963,0.220000,-0.076963,0,-0.349834,0.220000,0.212667,-0.057110,-0.097110,0.220000
1772476909,357915570,-1.036441,-0.977435,-2.015520,-0.739171,-1.471759,0.055360,1,0.219722,-0.083237,0.220000,-0.076963,0.220000,-0.075561,0.220000,-0.075561,0,-0.343457,0.220000,0.212667,-0.056963,-0.096963,0.220000
1772476909,407951864,-1.040652,-0.987561,-2.018683,-0.728265,-1.470599,0.052196,1,0.220019,-0.085960,0.220000,-0.075561,0.220000,-0.074203,0.220000,-0.074203,0,-0.337288,0.220000,0.212667,-0.055561,-0.095561,0.220000
1772476909,433017235,-1.042519,-0.993464,-2.020615,-0.722191,-1.469407,0.050265,1,0.220130,-0.071167,0.220000,-0.074203,0.220000,-0.075509,0.220000,-0.075509,0,-0.343222,0.220000,0.212667,-0.054203,-0.094203,0.220000
1772476909,458055355,-1.044858,-0.997610,-2.022873,-0.717431,-1.469471,0.048007,1,0.220262,-0.064483,0.220000,-0.075509,0.220000,-0.071510,0.220000,-0.071510,0,-0.325044,0.220000,0.212667,-0.055509,-0.095509,0.220000
1772476909,508131826,-1.049714,-1.006454,-2.025697,-0.707342,-1.469492,0.045183,1,0.219796,-0.079049,0.220000,-0.071510,0.220000,-0.066223,0.220000,-0.066223,0,-0.301014,0.220000,0.212667,-0.051510,-0.091510,0.220000
1772476909,533209150,-1.052123,-1.012544,-2.026881,-0.700842,-1.468686,0.043999,1,0.219666,-0.058165,0.220000,-0.066223,0.220000,-0.066970,0.220000,-0.066970,0,-0.304410,0.220000,0.212667,-0.046223,-0.086223,0.220000
1772476909,558250811,-1.054711,-1.016179,-2.028845,-0.696411,-1.469214,0.042035,1,0.219866,-0.060011,0.220000,-0.066970,0.220000,-0.061418,0.220000,-0.061418,0,-0.279172,0.220000,0.212667,-0.046970,-0.086970,0.220000
1772476909,608315601,-1.058564,-1.026464,-2.030974,-0.685538,-1.467664,0.039906,1,0.220367,-0.068373,0.220000,-0.061418,0.220000,-0.063080,0.220000,-0.063080,0,-0.286727,0.220000,0.212667,-0.041418,-0.081418,0.220000
1772476909,633407152,-1.061159,-1.031796,-2.032266,-0.679615,-1.467384,0.038614,1,0.219551,-0.079355,0.220000,-0.063080,0.220000,-0.061817,0.220000,-0.061817,0,-0.280988,0.220000,0.212667,-0.043080,-0.083080,0.220000
1772476909,658411988,-1.063744,-1.037546,-2.033886,-0.673329,-1.466895,0.036994,1,0.219831,-0.072098,0.220000,-0.061817,0.220000,-0.060501,0.220000,-0.060501,0,-0.275006,0.220000,0.212667,-0.041817,-0.081817,0.220000
1772476909,708526991,-1.069134,-1.047318,-2.036144,-0.662169,-1.466939,0.034736,1,0.219738,-0.062860,0.220000,-0.060501,0.220000,-0.055622,0.220000,-0.055622,0,-0.252830,0.220000,0.212667,-0.040501,-0.080501,0.220000
1772476909,733615898,-1.070646,-1.053532,-2.037235,-0.655937,-1.465327,0.033453,1,0.219812,-0.058486,0.220000,-0.055622,0.220000,-0.059422,0.220000,-0.059422,0,-0.270102,0.220000,0.212667,-0.035622,-0.075622,0.220000
1772476909,758594979,-1.073024,-1.057492,-2.038500,-0.650508,-1.466120,0.029319,1,0.219834,-0.060797,0.220000,-0.059422,0.220000,-0.049844,0.220000,-0.049844,0,-0.226563,0.220000,0.212667,-0.039422,-0.079422,0.220000
1772476909,808729393,-1.077585,-1.069263,-2.040142,-0.637986,-1.464517,0.027677,1,0.220058,-0.055624,0.220000,-0.049844,0.220000,-0.052104,0.220000,-0.052104,0,-0.236836,0.220000,0.212667,-0.029844,-0.069844,0.220000
1772476909,833785188,-1.080218,-1.073779,-2.040791,-0.632761,-1.464678,0.027028,1,0.220668,-0.053095,0.220000,-0.052104,0.220000,-0.049780,0.220000,-0.049780,0,-0.226274,0.220000,0.212667,-0.032104,-0.072104,0.220000
1772476909,858784304,-1.082043,-1.077445,-2.042144,-0.628669,-1.464534,0.025674,1,0.220714,-0.051704,0.220000,-0.049780,0.220000,-0.047927,0.220000,-0.047927,0,-0.217849,0.220000,0.212667,-0.029780,-0.069780,0.220000
1772476909,908947205,-1.087474,-1.087917,-2.044731,-0.616874,-1.464316,0.023087,1,0.219501,-0.053051,0.220000,-0.047927,0.220000,-0.043790,0.220000,-0.043790,0,-0.199043,0.220000,0.212667,-0.027927,-0.067927,0.220000
1772476909,933944684,-1.089617,-1.091536,-2.046103,-0.612671,-1.464474,0.021715,1,0.220354,-0.040483,0.220000,-0.043790,0.220000,-0.040433,0.220000,-0.040433,0,-0.183788,0.220000,0.212667,-0.023790,-0.063790,0.220000
1772476909,959010525,-1.092415,-1.097189,-2.046763,-0.606368,-1.464237,0.021055,1,0.219593,-0.035559,0.220000,-0.040433,0.220000,-0.039735,0.220000,-0.039735,0,-0.180612,0.220000,0.212667,-0.020433,-0.060433,0.220000
1772476909,984000578,-1.093812,-1.100415,-2.048239,-0.602866,-1.463927,0.019580,1,0.220886,-0.034252,0.220000,-0.039735,0.220000,-0.038298,0.220000,-0.038298,0,-0.174084,0.220000,0.212667,-0.019735,-0.059735,0.220000
1772476910,34167272,-1.098824,-1.110123,-2.049326,-0.591943,-1.463704,0.018492,1,0.219808,-0.039569,0.220000,-0.038298,0.220000,-0.036176,0.220000,-0.036176,0,-0.164438,0.220000,0.212667,-0.018298,-0.058298,0.220000
1772476910,59210137,-1.101290,-1.116270,-2.049886,-0.585365,-1.462940,0.017932,1,0.220400,-0.035545,0.220000,-0.036176,0.220000,-0.037438,0.220000,-0.037438,0,-0.170174,0.220000,0.212667,-0.016176,-0.056176,0.220000
1772476910,109262085,-1.107063,-1.125188,-2.050327,-0.581863,-1.461959,0.014101,1,0.220002,-0.036387,0.220000,-0.037438,0.220000,-0.035767,0.220000,-0.035767,0,-0.162579,0.220000,0.212667,-0.017438,-0.057438,0.220000
1772476910,134370242,-1.109074,-1.132189,-2.052023,-0.574745,-1.460413,0.012405,1,0.220601,-0.035112,0.220000,-0.035767,0.220000,-0.038695,0.220000,-0.038695,0,-0.175885,0.220000,0.212667,-0.015767,-0.055767,0.220000
1772476910,159392154,-1.111557,-1.137580,-2.052770,-0.568821,-1.460045,0.011658,1,0.219744,-0.039447,0.220000,-0.038695,0.220000,-0.038433,0.220000,-0.038433,0,-0.174694,0.220000,0.212667,-0.018695,-0.058695,0.220000
1772476910,209490145,-1.115645,-1.147720,-2.053220,-0.557955,-1.458841,0.011208,1,0.220216,-0.039503,0.220000,-0.038433,0.220000,-0.040970,0.220000,-0.040970,0,-0.186225,0.220000,0.212667,-0.018433,-0.058433,0.220000
1772476910,234555745,-1.118339,-1.153167,-2.053911,-0.551882,-1.458632,0.010516,1,0.220301,-0.040520,0.220000,-0.040970,0.220000,-0.040001,0.220000,-0.040001,0,-0.181821,0.220000,0.212667,-0.020970,-0.060970,0.220000
1772476910,259580952,-1.121725,-1.159484,-2.054132,-0.544714,-1.458620,0.010296,1,0.220087,-0.035754,0.220000,-0.040001,0.220000,-0.038719,0.220000,-0.038719,0,-0.175996,0.220000,0.212667,-0.020001,-0.060001,0.220000
1772476910,309667831,-1.126492,-1.168243,-2.056000,-0.534742,-1.458668,0.008427,1,0.219845,-0.048767,0.220000,-0.038719,0.220000,-0.034681,0.220000,-0.034681,0,-0.157642,0.220000,0.212667,-0.018719,-0.058719,0.220000
1772476910,334712890,-1.127415,-1.173328,-2.057292,-0.529827,-1.457072,0.007135,1,0.219967,-0.044557,0.220000,-0.034681,0.220000,-0.038657,0.220000,-0.038657,0,-0.175716,0.220000,0.212667,-0.014681,-0.054681,0.220000
1772476910,359745103,-1.130647,-1.178446,-2.056864,-0.524162,-1.457365,0.007422,1,0.219763,-0.043381,0.220000,-0.038657,0.220000,-0.037156,0.220000,-0.037156,0,-0.168889,0.220000,0.212667,-0.018657,-0.058657,0.220000
1772476910,409894033,-1.135259,-1.187854,-2.059003,-0.518443,-1.455358,0.003477,1,0.219937,-0.036965,0.220000,-0.037156,0.220000,-0.039131,0.220000,-0.039131,0,-0.177869,0.220000,0.212667,-0.017156,-0.057156,0.220000
1772476910,434934119,-1.138725,-1.192567,-2.059318,-0.512651,-1.456188,0.003162,1,0.220813,-0.034909,0.220000,-0.039131,0.220000,-0.034521,0.220000,-0.034521,0,-0.156914,0.220000,0.212667,-0.019131,-0.059131,0.220000
1772476910,460021721,-1.141418,-1.196678,-2.059671,-0.507756,-1.456621,0.002809,1,0.220068,-0.038402,0.220000,-0.034521,0.220000,-0.031629,0.220000,-0.031629,0,-0.143768,0.220000,0.212667,-0.014521,-0.054521,0.220000
1772476910,510083828,-1.146268,-1.207407,-2.061895,-0.496008,-1.455831,0.000585,1,0.219866,-0.030139,0.220000,-0.031629,0.220000,-0.030331,0.220000,-0.030331,0,-0.137870,0.220000,0.212667,-0.011629,-0.051629,0.220000
1772476910,535087022,-1.148387,-1.211932,-2.062436,-0.491018,-1.455563,0.000044,1,0.219797,-0.029301,0.220000,-0.030331,0.220000,-0.030067,0.220000,-0.030067,0,-0.136670,0.220000,0.212667,-0.010331,-0.050331,0.220000
1772476910,560167618,-1.151610,-1.217489,-2.062300,-0.484598,-1.455780,0.000180,1,0.219678,-0.026514,0.220000,-0.030067,0.220000,-0.028577,0.220000,-0.028577,0,-0.129896,0.220000,0.212667,-0.010067,-0.050067,0.220000
1772476910,585253856,-1.153237,-1.222807,-2.062987,-0.479142,-1.454704,-0.000507,1,0.219885,-0.028692,0.220000,-0.028577,0.220000,-0.031219,0.220000,-0.031219,0,-0.141905,0.220000,0.212667,-0.008577,-0.048577,0.220000
1772476910,635325002,-1.157913,-1.232542,-2.064047,-0.468367,-1.454473,-0.001594,1,0.219943,-0.029856,0.220000,-0.031219,0.220000,-0.029304,0.220000,-0.029304,0,-0.133200,0.220000,0.212667,-0.011219,-0.051219,0.220000
1772476910,660451114,-1.161037,-1.237843,-2.063513,-0.462394,-1.457650,-0.001381,1,0.219691,-0.029265,0.220000,-0.029304,0.220000,-0.016078,0.220000,-0.016078,0,-0.073080,0.220000,0.212667,-0.009304,-0.049304,0.220000
1772476910,710463022,-1.166285,-1.247558,-2.065471,-0.451352,-1.457693,-0.003339,1,0.220164,-0.019949,0.220000,-0.016078,0.220000,-0.011847,0.220000,-0.011847,0,-0.053851,0.220000,0.212667,0.003922,-0.036078,0.220000
1772476910,735508472,-1.168729,-1.252774,-2.065686,-0.445600,-1.457387,-0.003554,1,0.219790,-0.002609,0.220000,-0.011847,0.220000,-0.012180,0.220000,-0.012180,0,-0.055364,0.220000,0.212667,0.008153,-0.031847,0.220000
1772476910,760557199,-1.170226,-1.257634,-2.066189,-0.440609,-1.456414,-0.004057,1,0.220490,-0.004227,0.220000,-0.012180,0.220000,-0.014799,0.220000,-0.014799,0,-0.067266,0.220000,0.212667,0.007820,-0.032180,0.220000
1772476910,810706837,-1.175916,-1.268502,-2.065745,-0.428342,-1.456303,-0.003613,1,0.219978,-0.011132,0.220000,-0.014799,0.220000,-0.014445,0.220000,-0.014445,0,-0.065657,0.220000,0.212667,0.005201,-0.034799,0.220000
1772476910,835714804,-1.179102,-1.271796,-2.065179,-0.423935,-1.457558,-0.003047,1,0.219528,-0.018044,0.220000,-0.014445,0.220000,-0.009761,0.220000,-0.009761,0,-0.044367,0.220000,0.212667,0.005555,-0.034445,0.220000
1772476910,860740167,-1.180405,-1.277183,-2.066435,-0.418570,-1.456166,-0.004303,1,0.220254,-0.010200,0.220000,-0.009761,0.220000,-0.013011,0.220000,-0.013011,0,-0.059140,0.220000,0.212667,0.010239,-0.029761,0.220000
1772476910,885761989,-1.183578,-1.282201,-2.067420,-0.412440,-1.456535,-0.005310,1,0.219404,-0.009275,0.220000,-0.013011,0.220000,-0.009695,0.220000,-0.009695,0,-0.044069,0.220000,0.212667,0.006989,-0.033011,0.220000
1772476910,935984131,-1.188092,-1.291438,-2.066639,-0.399653,-1.455418,-0.004796,1,0.221152,-0.001553,0.220000,-0.009695,0.220000,-0.013421,0.220000,-0.013421,0,-0.061003,0.220000,0.212667,0.010305,-0.029695,0.220000
1772476910,960993430,-1.191044,-1.296639,-2.066305,-0.393674,-1.455570,-0.004462,1,0.219684,-0.015251,0.220000,-0.013421,0.220000,-0.012761,0.220000,-0.012761,0,-0.058004,0.220000,0.212667,0.006579,-0.033421,0.220000
1772476910,986031356,-1.194433,-1.300480,-2.065606,-0.388688,-1.456747,-0.003763,1,0.220192,-0.013997,0.220000,-0.012761,0.220000,-0.008371,0.220000,-0.008371,0,-0.038052,0.220000,0.212667,0.007239,-0.032761,0.220000
1772476911,36113112,-1.199460,-1.311080,-2.066163,-0.376970,-1.456182,-0.004320,1,0.219713,-0.010856,0.220000,-0.008371,0.220000,-0.008920,0.220000,-0.008920,0,-0.040547,0.220000,0.212667,0.011629,-0.028371,0.220000
1772476911,61200798,-1.201910,-1.315712,-2.066647,-0.371731,-1.456157,-0.004804,1,0.220096,-0.010561,0.220000,-0.008920,0.220000,-0.007856,0.220000,-0.007856,0,-0.035710,0.220000,0.212667,0.011080,-0.028920,0.220000
1772476911,86316748,-1.204455,-1.320946,-2.066367,-0.365915,-1.455933,-0.004525,1,0.220223,-0.012318,0.220000,-0.007856,0.220000,-0.008643,0.220000,-0.008643,0,-0.039286,0.220000,0.212667,0.012144,-0.027856,0.220000
1772476911,136352316,-1.209547,-1.330134,-2.065944,-0.355412,-1.456091,-0.004101,1,0.219744,-0.015879,0.220000,-0.008643,0.220000,-0.007789,0.220000,-0.007789,0,-0.035406,0.220000,0.212667,0.011357,-0.028643,0.220000
1772476911,161378350,-1.213544,-1.334745,-2.065231,-0.349621,-1.457535,-0.003466,1,0.219563,-0.009312,0.220000,-0.007789,0.220000,-0.002387,0.220000,-0.002387,0,-0.010848,0.220000,0.212667,0.012211,-0.027789,0.220000
1772476911,186407874,-1.215330,-1.340029,-2.066467,-0.345976,-1.457713,-0.005602,1,0.219781,-0.004556,0.220000,-0.002387,0.220000,0.001474,0.220000,0.001474,0,0.006699,0.220000,0.212667,0.017613,-0.022387,0.220000
1772476911,236530397,-1.220732,-1.349390,-2.066540,-0.335175,-1.458073,-0.005675,1,0.220688,-0.002707,0.220000,0.001474,0.220000,0.003777,0.220000,0.003777,0,0.017167,0.220000,0.212667,0.021474,-0.018526,0.220000
1772476911,261557528,-1.222782,-1.352946,-2.066711,-0.331072,-1.458208,-0.005847,1,0.220383,0.003855,0.220000,0.003777,0.220000,0.004814,0.220000,0.004814,0,0.021883,0.220000,0.212667,0.023777,-0.016223,0.220000
1772476911,311652469,-1.227601,-1.364078,-2.066220,-0.318983,-1.457220,-0.005356,1,0.219896,0.003441,0.220000,0.004814,0.220000,0.000858,0.220000,0.000858,0,0.003902,0.220000,0.212667,0.024814,-0.015186,0.220000
1772476911,336822931,-1.230064,-1.368595,-2.065414,-0.313838,-1.457268,-0.004549,1,0.219876,-0.004392,0.220000,0.000858,0.220000,0.000224,0.220000,0.000224,0,0.001017,0.220000,0.212667,0.020858,-0.019142,0.220000
1772476911,361781599,-1.231821,-1.372657,-2.066309,-0.309426,-1.456905,-0.005444,1,0.219674,0.002254,0.220000,0.000224,0.220000,0.000000,0.220000,0.000000,0,0.000671,0.220000,0.212667,0.020224,-0.019776,0.220000
1772476911,411915276,-1.236971,-1.382880,-2.066509,-0.297983,-1.456638,-0.005644,1,0.220499,0.000000,0.220000,0.000000,0.220000,0.000000,0.220000,0.000000,0,-0.000719,0.220000,0.212667,0.020000,-0.020000,0.220000
1772476911,436939590,-1.239201,-1.388097,-2.067199,-0.292196,-1.455970,-0.005916,1,0.219909,-0.001160,0.220000,0.000000,0.220000,-0.002296,0.220000,-0.002296,0,-0.010438,0.220000,0.212667,0.020000,-0.020000,0.220000
1772476911,461996179,-1.242359,-1.393037,-2.066106,-0.284825,-1.454331,-0.000009,1,0.219959,0.001367,0.220000,-0.002296,0.220000,-0.016565,0.220000,-0.016565,0,-0.075295,0.220000,0.212667,0.017704,-0.022296,0.220000
1772476911,487011303,-1.244828,-1.398248,-2.066059,-0.279066,-1.454027,0.000039,1,0.219781,-0.010649,0.220000,-0.016565,0.220000,-0.017741,0.220000,-0.017741,0,-0.080640,0.220000,0.212667,0.003435,-0.036565,0.220000
1772476911,537145608,-1.250051,-1.408927,-2.066377,-0.267188,-1.453546,-0.000279,1,0.220193,-0.019122,0.220000,-0.017741,0.220000,-0.019024,0.220000,-0.019024,0,-0.086471,0.220000,0.212667,0.002259,-0.037741,0.220000
1772476911,562163250,-1.252978,-1.412150,-2.067259,-0.262961,-1.454590,-0.001161,1,0.219989,-0.019637,0.220000,-0.019024,0.220000,-0.013587,0.220000,-0.013587,0,-0.061760,0.220000,0.212667,0.000976,-0.039024,0.220000
1772476911,587220276,-1.253649,-1.418639,-2.067743,-0.256934,-1.452096,-0.001645,1,0.219673,-0.017781,0.220000,-0.013587,0.220000,-0.023061,0.220000,-0.023061,0,-0.104822,0.220000,0.212667,0.006413,-0.033587,0.220000
1772476911,637313409,-1.258597,-1.427264,-2.069117,-0.246993,-1.452350,-0.003020,1,0.219942,-0.022053,0.220000,-0.023061,0.220000,-0.020154,0.220000,-0.020154,0,-0.091608,0.220000,0.212667,-0.003061,-0.043061,0.220000
1772476911,662405352,-1.261106,-1.432247,-2.068971,-0.241416,-1.452189,-0.002874,1,0.219906,-0.022191,0.220000,-0.020154,0.220000,-0.021044,0.220000,-0.021044,0,-0.095656,0.220000,0.212667,-0.000154,-0.040154,0.220000
1772476911,687450230,-1.263817,-1.437072,-2.069369,-0.236233,-1.452429,-0.003351,1,0.220154,-0.024085,0.220000,-0.021044,0.220000,-0.019505,0.220000,-0.019505,0,-0.088657,0.220000,0.212667,-0.001044,-0.041044,0.220000
1772476911,737560390,-1.269485,-1.446242,-2.069874,-0.229420,-1.454735,-0.004752,1,0.219694,-0.025268,0.220000,-0.019505,0.220000,-0.008483,0.220000,-0.008483,0,-0.038559,0.220000,0.212667,0.000495,-0.039505,0.220000
1772476911,762580143,-1.272240,-1.451290,-2.071283,-0.223669,-1.454765,-0.006161,1,0.219962,-0.012600,0.220000,-0.008483,0.220000,-0.006629,0.220000,-0.006629,0,-0.030131,0.220000,0.212667,0.011517,-0.028483,0.220000
1772476911,787634279,-1.273969,-1.457519,-2.072092,-0.217366,-1.453333,-0.006971,1,0.219831,-0.007622,0.220000,-0.006629,0.220000,-0.011581,0.220000,-0.011581,0,-0.052642,0.220000,0.212667,0.013371,-0.026629,0.220000
1772476911,837771048,-1.277612,-1.465523,-2.072230,-0.208591,-1.452742,-0.007108,1,0.220346,-0.016686,0.220000,-0.011581,0.220000,-0.014156,0.220000,-0.014156,0,-0.064344,0.220000,0.212667,0.008419,-0.031581,0.220000
1772476911,862776208,-1.282084,-1.471281,-2.071519,-0.201401,-1.453947,-0.006397,1,0.220057,-0.011646,0.220000,-0.014156,0.220000,-0.010615,0.220000,-0.010615,0,-0.048252,0.220000,0.212667,0.005844,-0.034156,0.220000
1772476911,887842909,-1.283836,-1.476574,-2.071966,-0.195911,-1.452978,-0.006844,1,0.220073,-0.010850,0.220000,-0.010615,0.220000,-0.014270,0.220000,-0.014270,0,-0.064862,0.220000,0.212667,0.009385,-0.030615,0.220000
1772476911,937920934,-1.289197,-1.487350,-2.073023,-0.183881,-1.452584,-0.007902,1,0.219677,-0.015128,0.220000,-0.014270,0.220000,-0.015333,0.220000,-0.015333,0,-0.069697,0.220000,0.212667,0.005730,-0.034270,0.220000
1772476911,962946004,-1.291195,-1.492390,-2.073438,-0.178538,-1.451967,-0.008230,1,0.219522,-0.013636,0.220000,-0.015333,0.220000,-0.017872,0.220000,-0.017872,0,-0.081238,0.220000,0.212667,0.004667,-0.035333,0.220000
1772476911,988006432,-1.294361,-1.498810,-2.074232,-0.171872,-1.451872,-0.008004,1,0.220182,-0.024011,0.220000,-0.017872,0.220000,-0.019139,0.220000,-0.019139,0,-0.086993,0.220000,0.212667,0.002128,-0.037872,0.220000
1772476912,38143056,-1.299601,-1.511955,-2.075798,-0.157817,-1.450233,-0.009570,1,0.220030,-0.016595,0.220000,-0.019139,0.220000,-0.025225,0.220000,-0.025225,0,-0.114657,0.220000,0.212667,0.000861,-0.039139,0.220000
1772476912,63162669,-1.301651,-1.517747,-2.075580,-0.151746,-1.449282,-0.009352,1,0.219792,-0.020060,0.220000,-0.025225,0.220000,-0.030146,0.220000,-0.030146,0,-0.137027,0.220000,0.212667,-0.005225,-0.045225,0.220000
1772476912,88230469,-1.306133,-1.523135,-2.075646,-0.144876,-1.450665,-0.009418,1,0.220176,-0.025618,0.220000,-0.030146,0.220000,-0.025378,0.220000,-0.025378,0,-0.115353,0.220000,0.212667,-0.010146,-0.050146,0.220000
1772476912,138323438,-1.310947,-1.535695,-2.078552,-0.131537,-1.448928,-0.012324,1,0.219869,-0.031365,0.220000,-0.025378,0.220000,-0.030616,0.220000,-0.030616,0,-0.139163,0.220000,0.212667,-0.005378,-0.045378,0.220000
1772476912,163355349,-1.313091,-1.536967,-2.078241,-0.129399,-1.450210,-0.012013,1,0.220179,-0.023307,0.220000,-0.030616,0.220000,-0.026209,0.220000,-0.026209,0,-0.119133,0.220000,0.212667,-0.010616,-0.050616,0.220000
1772476912,188391550,-1.315932,-1.545282,-2.079555,-0.120733,-1.448756,-0.013327,1,0.219750,-0.022189,0.220000,-0.026209,0.220000,-0.031910,0.220000,-0.031910,0,-0.145044,0.220000,0.212667,-0.006209,-0.046209,0.220000
1772476912,238487846,-1.322569,-1.558029,-2.080410,-0.106433,-1.448431,-0.014199,1,0.220412,-0.035092,0.220000,-0.031910,0.220000,-0.034942,0.220000,-0.034942,0,-0.158829,0.220000,0.212667,-0.011910,-0.051910,0.220000
1772476912,263541762,-1.326063,-1.565744,-2.080476,-0.098809,-1.446611,-0.014473,1,0.219583,-0.038688,0.220000,-0.034942,0.220000,-0.043739,0.220000,-0.043739,0,-0.198813,0.220000,0.212667,-0.014942,-0.054942,0.220000
1772476912,288557020,-1.329038,-1.574956,-2.079916,-0.089291,-1.444851,-0.013913,1,0.220589,-0.046711,0.220000,-0.043739,0.220000,-0.053906,0.220000,-0.053906,0,-0.245026,0.220000,0.212667,-0.023739,-0.063739,0.220000
1772476912,338681411,-1.334515,-1.586437,-2.084285,-0.076586,-1.444215,-0.018282,1,0.219707,-0.053725,0.220000,-0.053906,0.220000,-0.054222,0.220000,-0.054222,0,-0.246465,0.220000,0.212667,-0.033906,-0.073906,0.220000
1772476912,363733215,-1.336650,-1.593260,-2.084913,-0.069568,-1.442850,-0.018910,1,0.220325,-0.047175,0.220000,-0.054222,0.218098,-0.060484,0.218098,-0.060484,0,-0.277327,0.218098,0.212667,-0.034222,-0.074222,0.218098
1772476912,388763674,-1.339857,-1.598422,-2.086675,-0.063502,-1.443219,-0.020672,1,0.217719,-0.056591,0.218098,-0.060484,0.215579,-0.058319,0.215579,-0.058319,0,-0.270521,0.215579,0.210764,-0.040484,-0.080484,0.215579
1772476912,438872224,-1.345176,-1.608413,-2.088379,-0.052184,-1.443151,-0.022376,1,0.215288,-0.058296,0.215579,-0.058319,0.210933,-0.059336,0.210933,-0.059336,0,-0.281301,0.210933,0.208246,-0.038319,-0.078319,0.210933
1772476912,463967603,-1.347556,-1.612876,-2.089960,-0.047125,-1.443124,-0.023956,1,0.210221,-0.064932,0.210933,-0.059336,0.208858,-0.059443,0.208858,-0.059443,0,-0.284612,0.208858,0.203600,-0.039336,-0.079336,0.208858
1772476912,488988106,-1.349689,-1.617689,-2.090937,-0.042319,-1.442203,-0.024690,1,0.208265,-0.064344,0.208858,-0.059443,0.206950,-0.063899,0.206950,-0.063899,0,-0.308763,0.206950,0.201524,-0.039443,-0.079443,0.206950
1772476912,539113242,-1.355015,-1.627739,-2.094474,-0.036131,-1.436089,-0.025361,1,0.206521,-0.062313,0.206950,-0.063899,0.199617,-0.083899,0.199617,-0.083899,0,-0.444081,0.204873,0.199617,-0.043899,-0.083899,0.204873
1772476912,564123861,-1.357707,-1.632069,-2.095214,-0.031040,-1.436385,-0.026101,1,0.198417,-0.083843,0.199617,-0.083899,0.202766,-0.093857,0.202766,-0.093857,0,-0.462883,0.202766,0.192284,-0.063899,-0.103899,0.202766
1772476912,589195948,-1.360126,-1.637861,-2.096376,-0.024797,-1.435741,-0.027263,1,0.203683,-0.093366,0.202766,-0.093857,0.200263,-0.093692,0.200263,-0.093692,0,-0.467843,0.200263,0.195433,-0.073857,-0.113857,0.200263
1772476912,639272912,-1.365171,-1.646468,-2.100196,-0.014825,-1.436059,-0.031084,1,0.199848,-0.099620,0.200263,-0.093692,0.196162,-0.091413,0.196162,-0.091413,0,-0.466008,0.196162,0.192930,-0.073692,-0.113692,0.196162
1772476912,664318016,-1.367330,-1.651351,-2.103263,-0.009504,-1.435621,-0.034150,1,0.195203,-0.085826,0.196162,-0.091413,0.194024,-0.092894,0.194024,-0.092894,0,-0.478776,0.194024,0.188828,-0.071413,-0.111413,0.194024
1772476912,689398723,-1.369864,-1.655440,-2.104301,-0.004701,-1.435893,-0.035188,1,0.193249,-0.094036,0.194024,-0.092894,0.192040,-0.092527,0.192040,-0.092527,0,-0.481812,0.192040,0.186691,-0.072894,-0.112894,0.192040
1772476912,739477834,-1.375162,-1.664163,-2.108986,0.005494,-1.436378,-0.039873,1,0.191979,-0.087640,0.192040,-0.092527,0.187839,-0.087558,0.187839,-0.087558,0,-0.466133,0.187839,0.184707,-0.072527,-0.112527,0.187839
1772476912,764513194,-1.376380,-1.669424,-2.111537,0.010530,-1.434562,-0.042338,1,0.187161,-0.100398,0.187839,-0.087558,0.185942,-0.096718,0.185942,-0.096718,0,-0.520149,0.185942,0.180506,-0.067558,-0.107558,0.185942
1772476912,789559507,-1.379254,-1.672780,-2.112720,0.012854,-1.431043,-0.042486,1,0.185357,-0.087033,0.185942,-0.096718,0.185310,-0.115168,0.185310,-0.115168,0,-0.621486,0.185310,0.178609,-0.076718,-0.116718,0.185310
1772476912,839638505,-1.382811,-1.682208,-2.116145,0.022833,-1.429650,-0.045912,1,0.184913,-0.119684,0.185310,-0.115168,0.181385,-0.120184,0.181385,-0.120184,0,-0.662591,0.181385,0.177977,-0.095168,-0.135168,0.181385
1772476912,864665956,-1.384872,-1.687493,-2.119517,0.028460,-1.428928,-0.049283,1,0.181136,-0.119567,0.181385,-0.120184,0.179171,-0.123983,0.179171,-0.123983,0,-0.691982,0.179171,0.174052,-0.100184,-0.140184,0.179171
1772476912,889789603,-1.387564,-1.691311,-2.121743,0.033101,-1.429463,-0.051509,1,0.178550,-0.132527,0.179171,-0.123983,0.177238,-0.122024,0.177238,-0.122024,0,-0.688472,0.177238,0.171838,-0.103983,-0.143983,0.177238
1772476912,939760122,-1.392856,-1.699279,-2.127971,0.042630,-1.430292,-0.057737,1,0.177801,-0.127813,0.177238,-0.122024,0.173297,-0.113359,0.173297,-0.113359,0,-0.654133,0.173297,0.169905,-0.102024,-0.142024,0.173297
1772476912,964806008,-1.395390,-1.702370,-2.130819,0.046557,-1.431036,-0.060585,1,0.172447,-0.113967,0.173297,-0.113359,0.171634,-0.111607,0.171634,-0.111607,0,-0.650265,0.171634,0.165963,-0.093359,-0.133359,0.171634
1772476912,989869457,-1.397025,-1.705903,-2.133555,0.050442,-1.430779,-0.063321,1,0.171781,-0.113148,0.171634,-0.111607,0.170086,-0.111264,0.170086,-0.111264,0,-0.654162,0.170086,0.164300,-0.091607,-0.131607,0.170086
1772476913,39942042,-1.401328,-1.713704,-2.139032,0.055177,-1.429173,-0.067763,1,0.170192,-0.113617,0.170086,-0.111264,0.168334,-0.116801,0.168334,-0.116801,0,-0.693863,0.168334,0.162753,-0.091264,-0.131264,0.168334
1772476913,65025253,-1.403210,-1.718159,-2.142469,0.059988,-1.428687,-0.071200,1,0.168087,-0.109756,0.168334,-0.116801,0.166441,-0.118556,0.166441,-0.118556,0,-0.712301,0.166441,0.161001,-0.096801,-0.136801,0.166441
1772476913,90046806,-1.407074,-1.720005,-2.143775,0.063462,-1.431191,-0.072506,1,0.167127,-0.123926,0.166441,-0.118556,0.164781,-0.105884,0.164781,-0.105884,0,-0.642577,0.164781,0.159108,-0.098556,-0.138556,0.164781
1772476913,140059077,-1.410060,-1.727235,-2.151474,0.071238,-1.430342,-0.080205,1,0.165127,-0.101352,0.164781,-0.105884,0.161731,-0.105358,0.161731,-0.105358,0,-0.651439,0.161731,0.157448,-0.085884,-0.125884,0.161731
1772476913,165155387,-1.412698,-1.731028,-2.153148,0.075832,-1.430835,-0.081879,1,0.160725,-0.101445,0.161731,-0.105358,0.159827,-0.106413,0.159827,-0.106413,0,-0.665800,0.159827,0.154397,-0.085358,-0.125358,0.159827
1772476913,190144753,-1.413760,-1.733616,-2.156014,0.078612,-1.430526,-0.084745,1,0.159480,-0.107226,0.159827,-0.106413,0.158739,-0.106767,0.158739,-0.106767,0,-0.672591,0.158739,0.152493,-0.086413,-0.126413,0.158739
1772476913,240252720,-1.419335,-1.740253,-2.159999,0.087406,-1.432137,-0.088632,1,0.158393,-0.109331,0.158739,-0.106767,0.155025,-0.098031,0.155025,-0.098031,0,-0.632356,0.155025,0.151406,-0.086767,-0.126767,0.155025
1772476913,265368146,-1.421908,-1.743461,-2.162392,0.095369,-1.431603,-0.089730,1,0.154278,-0.098236,0.155025,-0.098031,0.151881,-0.107356,0.151881,-0.107356,0,-0.706841,0.151881,0.147692,-0.078031,-0.118031,0.151881
1772476913,290320841,-1.422626,-1.748595,-2.165865,0.100215,-1.429763,-0.093202,1,0.151610,-0.105317,0.151881,-0.107356,0.150142,-0.118642,0.150142,-0.118642,0,-0.790193,0.150142,0.144548,-0.087356,-0.127356,0.150142
1772476913,340608192,-1.427890,-1.754542,-2.170858,0.107961,-1.431516,-0.098196,1,0.150577,-0.118018,0.150142,-0.118642,0.146838,-0.107319,0.146838,-0.107319,0,-0.730863,0.146838,0.142809,-0.098642,-0.138642,0.146838
1772476913,365453689,-1.429538,-1.757117,-2.173848,0.111011,-1.431722,-0.101186,1,0.145999,-0.113492,0.146838,-0.107319,0.145593,-0.108595,0.145593,-0.108595,0,-0.745881,0.145593,0.139505,-0.087319,-0.127319,0.145593
1772476913,390505841,-1.431514,-1.760535,-2.175172,0.114959,-1.431811,-0.102510,1,0.145137,-0.104879,0.145593,-0.108595,0.144002,-0.109579,0.144002,-0.109579,0,-0.760956,0.144002,0.138259,-0.088595,-0.128595,0.144002
1772476913,440602409,-1.435968,-1.766122,-2.180124,0.121999,-1.433027,-0.107462,1,0.143519,-0.108047,0.144002,-0.109579,0.141044,-0.101968,0.141044,-0.101968,0,-0.722948,0.141044,0.136669,-0.089579,-0.129579,0.141044
1772476913,465630073,-1.436888,-1.770256,-2.182675,0.125968,-1.431514,-0.110097,1,0.140661,-0.103405,0.141044,-0.101968,0.139638,-0.113496,0.139638,-0.113496,0,-0.812787,0.139638,0.133711,-0.081968,-0.121968,0.139638
1772476913,490704157,-1.439203,-1.772845,-2.185584,0.127969,-1.427649,-0.114187,1,0.139668,-0.117514,0.139638,-0.113496,0.137648,-0.133496,0.137648,-0.133496,0,-0.969839,0.139315,0.132305,-0.093496,-0.133496,0.139315
1772476913,540781852,-1.443135,-1.777942,-2.190437,0.134327,-1.428653,-0.119041,1,0.137694,-0.134977,0.137648,-0.133496,0.136663,-0.129313,0.136663,-0.129313,0,-0.946218,0.136663,0.130314,-0.113496,-0.153496,0.136663
1772476913,565822813,-1.445858,-1.780943,-2.193552,0.138268,-1.429601,-0.122155,1,0.136069,-0.121635,0.136663,-0.129313,0.134979,-0.124076,0.134979,-0.124076,0,-0.919226,0.134979,0.129330,-0.109313,-0.149313,0.134979
1772476913,590862419,-1.446813,-1.784166,-2.197497,0.141554,-1.428892,-0.126100,1,0.135069,-0.119120,0.134979,-0.124076,0.133766,-0.127217,0.133766,-0.127217,0,-0.951039,0.133766,0.127646,-0.104076,-0.144076,0.133766
1772476913,640969710,-1.450733,-1.788240,-2.203482,0.147009,-1.430376,-0.132085,1,0.133838,-0.123598,0.133766,-0.127217,0.131414,-0.115643,0.131414,-0.115643,0,-0.879995,0.131414,0.126433,-0.107217,-0.147217,0.131414
1772476913,666000587,-1.452390,-1.791582,-2.206371,0.150737,-1.430226,-0.134974,1,0.130815,-0.116674,0.131414,-0.115643,0.129957,-0.119922,0.129957,-0.119922,0,-0.922779,0.129957,0.124080,-0.095643,-0.135643,0.129957
1772476913,691055644,-1.455516,-1.793945,-2.208562,0.154309,-1.431834,-0.137165,1,0.129777,-0.115606,0.129957,-0.119922,0.128334,-0.110587,0.128334,-0.110587,0,-0.861713,0.128334,0.122624,-0.099922,-0.139922,0.128334
1772476913,741090158,-1.458290,-1.800244,-2.214424,0.161101,-1.431140,-0.142985,1,0.128153,-0.104792,0.128334,-0.110587,0.125742,-0.115674,0.125742,-0.115674,0,-0.919934,0.125742,0.121001,-0.090587,-0.130587,0.125742
1772476913,766190124,-1.458443,-1.802512,-2.218189,0.162198,-1.428670,-0.146148,1,0.125482,-0.117572,0.125742,-0.115674,0.125644,-0.133908,0.125644,-0.133908,0,-1.065771,0.125644,0.118408,-0.095674,-0.135674,0.125644
1772476913,791180573,-1.462175,-1.806107,-2.219609,0.167145,-1.430216,-0.147569,1,0.125336,-0.128119,0.125644,-0.133908,0.123486,-0.125644,0.123486,-0.125644,0,-1.017473,0.123486,0.118311,-0.113908,-0.153908,0.123486
1772476913,841261473,-1.464982,-1.809988,-2.225908,0.171897,-1.430813,-0.153868,1,0.123444,-0.129297,0.123486,-0.125644,0.121536,-0.120728,0.121536,-0.120728,0,-0.993355,0.121536,0.116153,-0.105644,-0.145644,0.121536
1772476913,866299807,-1.466891,-1.811941,-2.229090,0.174526,-1.431549,-0.157050,1,0.120734,-0.118130,0.121536,-0.120728,0.120401,-0.117985,0.120401,-0.117985,0,-0.979938,0.120401,0.114202,-0.100728,-0.140728,0.120401
1772476913,891359911,-1.467432,-1.814840,-2.231545,0.177329,-1.430630,-0.159504,1,0.120145,-0.125307,0.120401,-0.117985,0.119430,-0.125349,0.119430,-0.125349,0,-1.049555,0.119430,0.113067,-0.097985,-0.137985,0.119430
1772476913,941425497,-1.473022,-1.819682,-2.236244,0.184262,-1.433206,-0.164204,1,0.119572,-0.128807,0.119430,-0.125349,0.116349,-0.108695,0.116349,-0.108695,0,-0.934213,0.116349,0.112097,-0.105349,-0.145349,0.116349
1772476913,966497543,-1.473884,-1.821509,-2.240359,0.186278,-1.433084,-0.168318,1,0.115498,-0.110883,0.116349,-0.108695,0.115577,-0.112563,0.115577,-0.112563,0,-0.973928,0.115577,0.109016,-0.088695,-0.128695,0.115577
1772476913,991509458,-1.474836,-1.823606,-2.242776,0.188575,-1.432911,-0.170735,1,0.115169,-0.113305,0.115577,-0.112563,0.114703,-0.113832,0.114703,-0.113832,0,-0.992406,0.114703,0.108243,-0.092563,-0.132563,0.114703
1772476914,41653306,-1.478785,-1.829857,-2.248084,0.195954,-1.433371,-0.176044,1,0.114747,-0.114583,0.114703,-0.113832,0.111755,-0.112969,0.111755,-0.112969,0,-1.010863,0.111755,0.107369,-0.093832,-0.133832,0.111755
1772476914,66673586,-1.481356,-1.830911,-2.250187,0.198086,-1.434875,-0.177867,1,0.111081,-0.105172,0.111755,-0.112969,0.110703,-0.107070,0.110703,-0.107070,0,-0.967182,0.110703,0.104422,-0.092969,-0.132969,0.110703
1772476914,91709853,-1.482413,-1.833412,-2.251860,0.200373,-1.431138,-0.175573,1,0.110164,-0.103495,0.110703,-0.107070,0.103370,-0.127070,0.103370,-0.127070,0,-1.309483,0.110372,0.103370,-0.087070,-0.127070,0.110372
1772476914,141824066,-1.486540,-1.838781,-2.257321,0.207069,-1.432149,-0.181034,1,0.103632,-0.126434,0.103370,-0.127070,0.103788,-0.147070,0.103788,-0.147070,0,-1.417029,0.107623,0.096036,-0.107070,-0.147070,0.107623
1772476914,166816086,-1.487314,-1.840889,-2.260403,0.209288,-1.431806,-0.184117,1,0.103710,-0.138500,0.103788,-0.147070,0.106819,-0.153798,0.106819,-0.153798,0,-1.439807,0.106819,0.096454,-0.127070,-0.167070,0.106819
1772476914,191894930,-1.489125,-1.842986,-2.262995,0.212000,-1.432374,-0.186709,1,0.106851,-0.150828,0.106819,-0.153798,0.105683,-0.141655,0.105683,-0.141655,0,-1.340376,0.105683,0.099485,-0.133798,-0.173798,0.105683
1772476914,241992725,-1.491016,-1.847912,-2.270085,0.217225,-1.431643,-0.193798,1,0.105268,-0.149751,0.105683,-0.141655,0.103788,-0.148816,0.103788,-0.148816,0,-1.433849,0.103788,0.098349,-0.121655,-0.161655,0.103788
1772476914,267004501,-1.492925,-1.849312,-2.273624,0.219375,-1.432636,-0.197337,1,0.103076,-0.146419,0.103788,-0.148816,0.102802,-0.144024,0.102802,-0.144024,0,-1.400987,0.102802,0.096454,-0.128816,-0.168816,0.102802
1772476914,292076089,-1.494278,-1.851215,-2.277368,0.221695,-1.432899,-0.201081,1,0.102905,-0.148581,0.102802,-0.144024,0.101868,-0.140600,0.101868,-0.140600,0,-1.380219,0.101868,0.095468,-0.124024,-0.164024,0.101868
1772476914,342175950,-1.498102,-1.855354,-2.283250,0.227168,-1.434240,-0.206964,1,0.101402,-0.141807,0.101868,-0.140600,0.099551,-0.133310,0.099551,-0.133310,0,-1.339120,0.099551,0.094535,-0.120600,-0.160600,0.099551
1772476914,367195440,-1.499602,-1.857510,-2.286219,0.229781,-1.434509,-0.209933,1,0.098754,-0.128648,0.099551,-0.133310,0.098506,-0.137092,0.098506,-0.137092,0,-1.391704,0.098506,0.092217,-0.113310,-0.153310,0.098506
1772476914,392219585,-1.500419,-1.858776,-2.289646,0.231284,-1.434610,-0.213359,1,0.098354,-0.129079,0.098506,-0.137092,0.097915,-0.135076,0.097915,-0.135076,0,-1.379527,0.097915,0.091173,-0.117092,-0.157092,0.097915
1772476914,442298339,-1.503231,-1.862393,-2.295665,0.235606,-1.435099,-0.219224,1,0.097503,-0.135438,0.097915,-0.135076,0.096183,-0.132214,0.096183,-0.132214,0,-1.374615,0.096183,0.090581,-0.115076,-0.155076,0.096183
1772476914,467424677,-1.505694,-1.863784,-2.298744,0.235204,-1.433537,-0.220170,1,0.095896,-0.135136,0.096183,-0.132214,0.096600,-0.148537,0.096600,-0.148537,0,-1.537648,0.096600,0.088850,-0.112214,-0.152214,0.096600
1772476914,492339949,-1.505494,-1.866481,-2.301026,0.237463,-1.432051,-0.222453,1,0.096635,-0.145086,0.096600,-0.148537,0.095998,-0.160824,0.095998,-0.160824,0,-1.675290,0.095998,0.089267,-0.128537,-0.168537,0.095998
1772476914,542470747,-1.509920,-1.869912,-2.308457,0.242614,-1.434250,-0.229884,1,0.096502,-0.167633,0.095998,-0.160824,0.093665,-0.140824,0.093665,-0.140824,0,-1.500292,0.093665,0.088664,-0.140824,-0.180824,0.093665
1772476914,567491312,-1.510983,-1.871712,-2.311843,0.244703,-1.434304,-0.233269,1,0.093615,-0.152693,0.093665,-0.140824,0.092865,-0.146654,0.092865,-0.146654,0,-1.579218,0.092865,0.086332,-0.120824,-0.160824,0.092865
1772476914,592588176,-1.512683,-1.873769,-2.315140,0.247327,-1.434789,-0.236566,1,0.092785,-0.142484,0.092865,-0.146654,0.091789,-0.144980,0.091789,-0.144980,0,-1.579496,0.091789,0.085532,-0.126654,-0.166654,0.091789
1772476914,642740195,-1.515889,-1.876987,-2.322959,0.251698,-1.436026,-0.244386,1,0.091386,-0.144879,0.091789,-0.144980,0.089921,-0.135462,0.089921,-0.135462,0,-1.506451,0.089921,0.084455,-0.124980,-0.164980,0.089921
1772476914,667628465,-1.517325,-1.878179,-2.325570,0.253438,-1.436701,-0.246997,1,0.089485,-0.142094,0.089921,-0.135462,0.089145,-0.133970,0.089145,-0.133970,0,-1.502830,0.089145,0.082588,-0.115462,-0.155462,0.089145
1772476914,692928095,-1.518037,-1.879898,-2.328933,0.255286,-1.436487,-0.250359,1,0.089107,-0.131107,0.089145,-0.133970,0.088488,-0.136545,0.088488,-0.136545,0,-1.543086,0.088488,0.081812,-0.113970,-0.153970,0.088488
1772476914,742786867,-1.521468,-1.883135,-2.335414,0.259784,-1.437912,-0.256841,1,0.088673,-0.148660,0.088488,-0.136545,0.086542,-0.124936,0.086542,-0.124936,0,-1.443642,0.086542,0.081155,-0.116545,-0.156545,0.086542
1772476914,767819711,-1.523718,-1.884395,-2.339835,0.261978,-1.439265,-0.261261,1,0.086664,-0.126925,0.086542,-0.124936,0.085474,-0.115689,0.085474,-0.115689,0,-1.353506,0.085474,0.079209,-0.104936,-0.144936,0.085474
1772476914,792825767,-1.525617,-1.885782,-2.342443,0.264114,-1.440250,-0.263869,1,0.084933,-0.117210,0.085474,-0.115689,0.084494,-0.111420,0.084494,-0.111420,0,-1.318675,0.084494,0.078140,-0.095689,-0.135689,0.084494
1772476914,817905922,-1.524628,-1.887561,-2.344474,0.265187,-1.438521,-0.265900,1,0.084679,-0.110974,0.084494,-0.111420,0.084407,-0.129690,0.084407,-0.129690,0,-1.536486,0.084407,0.077161,-0.091420,-0.131420,0.084407
1772476914,867993217,-1.529714,-1.890549,-2.350027,0.270271,-1.441513,-0.271453,1,0.084443,-0.123566,0.084407,-0.129690,0.081956,-0.109690,0.081956,-0.109690,0,-1.285486,0.081956,0.077074,-0.109690,-0.149690,0.081956
1772476914,893032164,-1.529975,-1.892439,-2.352300,0.271981,-1.440616,-0.273391,1,0.081309,-0.114828,0.081956,-0.109690,0.081483,-0.123494,0.081483,-0.123494,0,-1.515573,0.081483,0.074623,-0.089690,-0.129690,0.081483
1772476914,943062542,-1.533498,-1.895409,-2.358532,0.275312,-1.439349,-0.274934,1,0.081064,-0.124510,0.081483,-0.123494,0.079913,-0.143494,0.079913,-0.143494,0,-1.795626,0.080486,0.074150,-0.103494,-0.143494,0.080486
1772476914,968134807,-1.533618,-1.896874,-2.360919,0.276647,-1.438735,-0.277321,1,0.079470,-0.136361,0.079913,-0.143494,0.080111,-0.156581,0.080111,-0.156581,0,-1.954556,0.080111,0.072580,-0.123494,-0.163494,0.080111
1772476914,993156409,-1.536021,-1.898217,-2.363687,0.278996,-1.440170,-0.280089,1,0.080415,-0.161556,0.080111,-0.156581,0.078966,-0.140931,0.078966,-0.140931,0,-1.784700,0.078966,0.072778,-0.136581,-0.176581,0.078966
1772476915,43255091,-1.538427,-1.901313,-2.371587,0.282875,-1.440747,-0.287989,1,0.079371,-0.143631,0.078966,-0.140931,0.077425,-0.138191,0.077425,-0.138191,0,-1.784837,0.077425,0.071633,-0.120931,-0.160931,0.077425
1772476915,68220778,-1.539075,-1.903024,-2.374786,0.284683,-1.440472,-0.291188,1,0.077426,-0.138171,0.077425,-0.138191,0.076815,-0.148268,0.076815,-0.148268,0,-1.930187,0.076815,0.070092,-0.118191,-0.158191,0.076815
1772476915,93292419,-1.539722,-1.903980,-2.378986,0.285834,-1.440567,-0.295388,1,0.076472,-0.142713,0.076815,-0.148268,0.076375,-0.148242,0.076375,-0.148242,0,-1.940982,0.076375,0.069482,-0.128268,-0.168268,0.076375
1772476915,143441366,-1.543898,-1.907227,-2.384950,0.290711,-1.442613,-0.301353,1,0.076505,-0.152764,0.076375,-0.148242,0.074183,-0.131713,0.074183,-0.131713,0,-1.775520,0.074183,0.069041,-0.128242,-0.168242,0.074183
1772476915,168391899,-1.544310,-1.907954,-2.387744,0.291547,-1.442615,-0.304147,1,0.073651,-0.136946,0.074183,-0.131713,0.073877,-0.139848,0.073877,-0.139848,0,-1.892992,0.073877,0.066849,-0.111713,-0.151713,0.073877
1772476915,193431013,-1.547165,-1.910123,-2.392729,0.294839,-1.444039,-0.309131,1,0.073794,-0.135652,0.073877,-0.139848,0.072389,-0.126617,0.072389,-0.126617,0,-1.749104,0.072389,0.066543,-0.119848,-0.159848,0.072389
1772476915,243530306,-1.549238,-1.911185,-2.399397,0.296781,-1.445324,-0.315799,1,0.072603,-0.129061,0.072389,-0.126617,0.071422,-0.111406,0.071422,-0.111406,0,-1.559826,0.071422,0.065056,-0.106617,-0.146617,0.071422
1772476915,268511494,-1.548833,-1.913195,-2.400445,0.298333,-1.443985,-0.316847,1,0.071349,-0.120472,0.071422,-0.111406,0.071130,-0.130717,0.071130,-0.130717,0,-1.837727,0.071130,0.064089,-0.091406,-0.131406,0.071130
1772476915,293579945,-1.551202,-1.915296,-2.404173,0.301326,-1.445018,-0.320576,1,0.071463,-0.126050,0.071130,-0.130717,0.069833,-0.124716,0.069833,-0.124716,0,-1.785929,0.069833,0.063797,-0.110717,-0.150717,0.069833
1772476915,343667263,-1.554065,-1.916615,-2.410481,0.303778,-1.446864,-0.327127,1,0.070439,-0.130696,0.069833,-0.124716,0.068565,-0.104716,0.068565,-0.104716,0,-1.526086,0.068565,0.062500,-0.104716,-0.144716,0.068565
1772476915,368904330,-1.554024,-1.918308,-2.414234,0.303607,-1.445952,-0.334724,1,0.068209,-0.119489,0.068565,-0.104716,0.068815,-0.104531,0.068815,-0.104531,0,-1.519017,0.068815,0.061231,-0.084716,-0.124716,0.068815
1772476915,393685067,-1.557241,-1.920316,-2.415899,0.306928,-1.447784,-0.336389,1,0.069272,-0.105062,0.068815,-0.104531,0.067235,-0.096078,0.067235,-0.096078,0,-1.429000,0.067235,0.061481,-0.084531,-0.124531,0.067235
1772476915,443785114,-1.558483,-1.922573,-2.420453,0.309504,-1.447770,-0.340943,1,0.067368,-0.093941,0.067235,-0.096078,0.066309,-0.100910,0.066309,-0.100910,0,-1.521820,0.066309,0.059901,-0.076078,-0.116078,0.066309
1772476915,468824694,-1.559335,-1.924447,-2.423125,0.311556,-1.447601,-0.343615,1,0.066448,-0.093921,0.066309,-0.100910,0.065608,-0.107381,0.065608,-0.107381,0,-1.636697,0.065608,0.058976,-0.080910,-0.120910,0.065608
1772476915,493836464,-1.560797,-1.924472,-2.425696,0.312289,-1.448866,-0.346186,1,0.065533,-0.105066,0.065608,-0.107381,0.065077,-0.094305,0.065077,-0.094305,0,-1.449125,0.065077,0.058275,-0.087381,-0.127381,0.065077
1772476915,543962362,-1.563382,-1.926402,-2.431012,0.315235,-1.450183,-0.351501,1,0.065326,-0.095571,0.065077,-0.094305,0.063741,-0.087687,0.063741,-0.087687,0,-1.375679,0.063741,0.057744,-0.074305,-0.114305,0.063741
1772476915,568935497,-1.565468,-1.927568,-2.432703,0.317268,-1.451437,-0.353192,1,0.063479,-0.085277,0.063741,-0.087687,0.062746,-0.082974,0.062746,-0.082974,0,-1.322386,0.062746,0.056408,-0.067687,-0.107687,0.062746
1772476915,593964519,-1.566194,-1.929193,-2.435159,0.319042,-1.451280,-0.355649,1,0.061606,-0.078539,0.062746,-0.082974,0.062145,-0.089484,0.062145,-0.089484,0,-1.439926,0.062145,0.055412,-0.062974,-0.102974,0.062145
1772476915,619030736,-1.566866,-1.930345,-2.437516,0.320375,-1.451306,-0.358006,1,0.062416,-0.097091,0.062145,-0.089484,0.061664,-0.092372,0.061664,-0.092372,0,-1.497992,0.061664,0.054811,-0.069484,-0.109484,0.061664
1772476915,669132128,-1.569148,-1.931889,-2.440811,0.322835,-1.452547,-0.361300,1,0.061741,-0.092682,0.061664,-0.092372,0.060519,-0.087898,0.060519,-0.087898,0,-1.452400,0.060519,0.054330,-0.072372,-0.112372,0.060519
1772476915,694134958,-1.570805,-1.933374,-2.442508,0.324939,-1.453270,-0.362997,1,0.060212,-0.090840,0.060519,-0.087898,0.059614,-0.090542,0.059614,-0.090542,0,-1.518803,0.059614,0.053186,-0.067898,-0.107898,0.059614
1772476915,744185614,-1.571665,-1.935777,-2.447969,0.327255,-1.452973,-0.368525,1,0.059412,-0.096662,0.059614,-0.090542,0.058860,-0.098641,0.058860,-0.098641,0,-1.675866,0.058860,0.052280,-0.070542,-0.110542,0.058860
1772476915,769257274,-1.572597,-1.936495,-2.449685,0.324932,-1.455503,-0.371352,1,0.058048,-0.090843,0.058860,-0.098641,0.059135,-0.078641,0.059135,-0.078641,0,-1.058179,0.059135,0.051526,-0.078641,-0.118641,0.059135
1772476915,794289323,-1.574893,-1.937545,-2.452338,0.326965,-1.456999,-0.374005,1,0.059519,-0.078636,0.059135,-0.078641,0.058088,-0.058641,0.058088,-0.058641,0,-0.993884,0.058088,0.051802,-0.058641,-0.098641,0.058088
1772476915,819274931,-1.575681,-1.938644,-2.454657,0.328309,-1.457153,-0.376324,1,0.058042,-0.062722,0.058088,-0.058641,0.057575,-0.060837,0.057575,-0.060837,0,-1.056664,0.057575,0.050755,-0.038641,-0.078641,0.057575
1772476915,869377859,-1.577318,-1.939555,-2.457623,0.329900,-1.458142,-0.379290,1,0.057672,-0.063886,0.057575,-0.060837,0.056794,-0.057672,0.056794,-0.057672,0,-1.015461,0.056794,0.050241,-0.040837,-0.080837,0.056794
1772476915,894412780,-1.579856,-1.941437,-2.459219,0.332779,-1.459445,-0.380886,1,0.056133,-0.049240,0.056794,-0.057672,0.055486,-0.063044,0.055486,-0.063044,0,-1.136202,0.055486,0.049461,-0.037672,-0.077672,0.055486
1772476915,944487954,-1.581476,-1.943133,-2.461923,0.335048,-1.460036,-0.383590,1,0.055601,-0.069192,0.055486,-0.063044,0.054550,-0.069499,0.054550,-0.069499,0,-1.274048,0.054550,0.048153,-0.043044,-0.083044,0.054550
1772476915,969483942,-1.581426,-1.943547,-2.463395,0.335385,-1.459791,-0.385062,1,0.054635,-0.066951,0.054550,-0.069499,0.054483,-0.071773,0.054483,-0.071773,0,-1.317343,0.054483,0.047216,-0.049499,-0.089499,0.054483
1772476915,994537465,-1.581977,-1.945084,-2.465328,0.336997,-1.459526,-0.386995,1,0.054339,-0.064870,0.054483,-0.071773,0.053970,-0.081014,0.053970,-0.081014,0,-1.501100,0.053970,0.047150,-0.051773,-0.091773,0.053970
1772476916,44651875,-1.584495,-1.946673,-2.468937,0.339609,-1.460955,-0.390604,1,0.054062,-0.082362,0.053970,-0.081014,0.052732,-0.081979,0.052732,-0.081979,0,-1.554656,0.052732,0.046637,-0.061014,-0.101014,0.052732
1772476916,69628191,-1.586425,-1.946984,-2.470503,0.340819,-1.462490,-0.392170,1,0.052385,-0.087787,0.052732,-0.081979,0.051966,-0.079695,0.051966,-0.079695,0,-1.533617,0.051966,0.045398,-0.061979,-0.101979,0.051966
1772476916,94659569,-1.587245,-1.948778,-2.472334,0.342786,-1.462334,-0.394001,1,0.051992,-0.080395,0.051966,-0.079695,0.051305,-0.092602,0.051305,-0.092602,0,-1.804925,0.051305,0.044632,-0.059695,-0.099695,0.051305
1772476916,119730036,-1.588766,-1.949819,-2.474094,0.344435,-1.463158,-0.395761,1,0.050898,-0.089622,0.051305,-0.092602,0.050541,-0.097209,0.050541,-0.097209,0,-1.923358,0.050541,0.043972,-0.072602,-0.112602,0.050541
1772476916,169771011,-1.590058,-1.950993,-2.478289,0.345961,-1.463246,-0.399735,1,0.049870,-0.095038,0.050541,-0.097209,0.050000,-0.103118,0.050000,-0.103118,0,-2.062359,0.050000,0.043208,-0.077209,-0.117209,0.050000
1772476916,194781319,-1.590661,-1.952233,-2.481258,0.345131,-1.455098,-0.398910,1,0.049944,-0.097619,0.050000,-0.103118,0.043600,-0.123118,0.043600,-0.123118,0,-2.823805,0.052180,0.042667,-0.083118,-0.123118,0.052180
1772476916,244947506,-1.592497,-1.953683,-2.485873,0.347294,-1.455989,-0.403525,1,0.044045,-0.124210,0.043600,-0.123118,0.048495,-0.143118,0.048495,-0.143118,0,-2.951208,0.050933,0.036267,-0.103118,-0.143118,0.051232
1772476916,269884455,-1.593654,-1.953515,-2.488749,0.347714,-1.457080,-0.406401,1,0.049348,-0.135988,0.048495,-0.143118,0.050824,-0.144570,0.050824,-0.144570,0,-2.844512,0.050824,0.041161,-0.123118,-0.163118,0.050824
1772476916,294930769,-1.595021,-1.955407,-2.492623,0.350033,-1.457346,-0.410276,1,0.051424,-0.148644,0.050824,-0.144570,0.050000,-0.153552,0.050000,-0.153552,0,-3.071033,0.050000,0.043491,-0.124570,-0.164570,0.050000
1772476916,344960220,-1.595709,-1.956282,-2.499897,0.351133,-1.457518,-0.417550,1,0.050219,-0.152275,0.050000,-0.153552,0.050000,-0.153781,0.050000,-0.153781,0,-3.075627,0.050000,0.042667,-0.133552,-0.173552,0.050000
1772476916,370041356,-1.597142,-1.957029,-2.503920,0.352486,-1.458401,-0.421572,1,0.050316,-0.152101,0.050000,-0.153781,0.050000,-0.157063,0.050000,-0.157063,0,-3.141266,0.050000,0.042667,-0.133781,-0.173781,0.050000
1772476916,395024303,-1.598587,-1.957730,-2.507768,0.353804,-1.459318,-0.425420,1,0.050124,-0.162023,0.050000,-0.157063,0.050000,-0.162088,0.050000,-0.162088,0,-3.241750,0.050000,0.042667,-0.137063,-0.177063,0.050000
1772476916,420032145,-1.599343,-1.958923,-2.511243,0.355215,-1.459394,-0.428895,1,0.049514,-0.160608,0.050000,-0.162088,0.050000,-0.171283,0.050000,-0.171283,0,-3.425665,0.050000,0.042667,-0.142088,-0.182088,0.050000
1772476916,470095854,-1.601336,-1.960621,-2.518336,0.357671,-1.460300,-0.435988,1,0.050271,-0.175135,0.050000,-0.171283,0.050000,-0.183298,0.050000,-0.183298,0,-3.665955,0.050000,0.042667,-0.151283,-0.191283,0.050000
1772476916,495098894,-1.602371,-1.961471,-2.522179,0.358919,-1.460786,-0.439831,1,0.049656,-0.189091,0.050000,-0.183298,0.050000,-0.188999,0.050000,-0.188999,0,-3.779971,0.050000,0.042667,-0.163298,-0.203298,0.050000
1772476916,545256786,-1.603944,-1.962819,-2.531232,0.360865,-1.461499,-0.448884,1,0.050125,-0.185684,0.050000,-0.188999,0.050000,-0.191712,0.050000,-0.191712,0,-3.834250,0.050000,0.042667,-0.168999,-0.208999,0.050000
1772476916,570224281,-1.604502,-1.964273,-2.536574,0.362405,-1.461273,-0.454227,1,0.050232,-0.191571,0.050000,-0.191712,0.050000,-0.198226,0.050000,-0.198226,0,-3.964516,0.050000,0.042667,-0.171712,-0.211712,0.050000
1772476916,595162627,-1.605691,-1.964387,-2.541828,0.363087,-1.462254,-0.459480,1,0.050373,-0.199423,0.050000,-0.198226,0.050000,-0.192547,0.050000,-0.192547,0,-3.850939,0.050000,0.042667,-0.178226,-0.218226,0.050000
1772476916,620223827,-1.606731,-1.965451,-2.545734,0.364524,-1.462641,-0.463386,1,0.050182,-0.189869,0.050000,-0.192547,0.050000,-0.196578,0.050000,-0.196578,0,-3.931567,0.050000,0.042667,-0.172547,-0.212547,0.050000
1772476916,660460457,-0.7472392007696068,-0.1377785844352945,1.6521403589019066,0.36631770334422864,-1.46355263067292,-0.4692991432801277,1,0.03020229340490994,-0.1553919248120301,0.0,-1.0,0.0,-1.0,0.0,-1.0,0,nan,nan,nan,nan,nan,nan
1772476916,680776857,-0.7471860819612443,-0.13756080517759633,1.6487194862416352,0.36741221455425244,-1.4632343571846094,-0.4735920737939567,1,0.006027366033122577,-0.16514571428571428,0.0,-1.0,0.0,-1.0,0.0,-1.0,0,nan,nan,nan,nan,nan,nan
1772476916,700735623,-0.7472074058015054,-0.13752921849144933,1.6444320419790477,0.3677597913490662,-1.4639774210523657,-0.4784490907630924,1,0.0014483180456940608,-0.23715126315789473,0.0,-1.0,0.0,-1.0,0.0,-1.0,0,nan,nan,nan,nan,nan,nan
1772476916,720486415,-0.7472233019058713,-0.13751924479978014,1.6382212382937562,0.3677597913490662,-1.4639774210523657,-0.4784490907630924,1,0.0005217801307051727,-0.34204426315789477,0.0,-1.0,0.0,-1.0,0.0,-1.0,0,nan,nan,nan,nan,nan,nan
1772476916,740654090,-0.7472372931299505,-0.13751238508021557,1.6298342600019173,0.3706798437695866,-1.4656792661165223,-0.4799593606130821,1,0.000258009246945922,-0.43335726315789475,0.0,-1.0,0.0,-1.0,0.0,-1.0,0,nan,nan,nan,nan,nan,nan
